Distribution of hits for query "([pos="CARD"][lemma=".*schüler|.*schülerin|Knabe|Mädchen|Tochter|Kind|Schüler|Schülerin|Bube"])|([lemma=".*schüler|.*schülerin|Knabe|Mädchen|Tochter|- Kind|Schüler|Schülerin|Bube"][pos= "CARD"])" returned 7,985 matches in 1,874 different texts
__________________

Text	No. words in text	No. hits in text	Freq. per million words

10839747	49782	6	120.53
1208396	20816	5	240.2
1209797	23190	9	388.1
12448669	20256	1	49.37
12461255	111313	1	8.98
1372615	21220	11	518.38
13974076	101962	10	98.08
13988610	58775	3	51.04
14501495	9848	5	507.72
15137246	211989	70	330.21
15725848	344609	31	89.96
16068768	316768	10	31.57
16132339	117320	9	76.71
16332863	194645	5	25.69
16462459	59178	5	84.49
16528610	65423	29	443.27
16529624	50259	5	99.48
16531466	26379	1	37.91
16548193	14970	4	267.2
16641902	199476	8	40.11
16642365	293774	39	132.76
16701010	159186	9	56.54
16905750	135465	2	14.76
17024071	34955	2	57.22
17076093	77738	1	12.86
17189482	75123	1	13.31
17250092	314177	1	3.18
17349076	33536	2	59.64
17831437	165250	3	18.15
18035722	766432	11	14.35
18292580	802585	2	2.49
18839627	696849	1	1.44
1923571	15661	1	63.85
1923726	20783	1	48.12
19522673	895935	24	26.79
19606806	251440	1	3.98
19719815	200256	2	9.99
19721701	461257	9	19.51
19869265	143161	2	13.97
19979617	144633	3	20.74
19984433	88260	4	45.32
20231634	243439	4	16.43
20291892	358825	13	36.23
20301351	82445	2	24.26
20914643	397806	1	2.51
21027954	16100	1	62.11
21028274	19245	1	51.96
21175320	344529	74	214.79
21536018	7830	1	127.71
21741566	29882	33	1104.34
21892800	39667	6	151.26
22148715	69428	8	115.23
22799846	718572	9	12.52
22814805	14437	2	138.53
23365560	14215	1	70.35
23374488	104358	8	76.66
23470674	58220	7	120.23
23655278	65621	7	106.67
23870916	213375	8	37.49
23934970	32128	1	31.13
24001925	10020	1	99.8
24003735	7179	5	696.48
24003771	10750	12	1116.28
24003815	27123	1	36.87
24004036	10912	2	183.28
24004092	3036	1	329.38
24007746	26770	7	261.49
24068882	531442	33	62.1
24082685	33678	4	118.77
24083464	20786	4	192.44
24121411	396745	14	35.29
24161628	175544	16	91.15
24199204	14741	2	135.68
24240638	134212	11	81.96
24274734	118247	1	8.46
24285220	21319	1	46.91
24480984	182749	146	798.91
24535141	9637	3	311.3
24676627	97441	3	30.79
24692297	14433	1	69.29
24692333	23403	1	42.73
24693223	12094	2	165.37
24693478	4974	1	201.05
24693694	12238	2	163.43
24693737	26135	1	38.26
24693795	22574	7	310.09
24694149	11448	1	87.35
24719126	160501	6	37.38
24724918	14404	6	416.55
24725215	10597	2	188.73
24725417	13642	1	73.3
24725725	8573	3	349.94
24725923	50025	2	39.98
24726152	30150	2	66.33
24727006	20623	5	242.45
24752805	13953	2	143.34
24753146	25110	4	159.3
24754881	17066	1	58.6
24755271	28010	5	178.51
24755606	20498	10	487.85
24756195	16814	1	59.47
24756231	14601	1	68.49
24756403	48166	1	20.76
24757025	34436	9	261.35
24773127	61945	2	32.29
24773556	101300	19	187.56
24774156	32810	28	853.4
24774533	19303	1	51.81
24775237	40582	12	295.7
24775440	21241	8	376.63
24775774	14803	9	607.98
24775884	20921	3	143.4
24776081	12463	2	160.48
24776165	23298	1	42.92
24776350	1495	1	668.9
24777217	13562	1	73.74
24812339	34079	14	410.81
24812581	37777	13	344.12
24854635	75793	1	13.19
24864620	40543	1	24.67
24864991	33234	7	210.63
2494087	1412320	39	27.61
25077923	77823	44	565.39
25093920	333765	2	5.99
25099982	188056	9	47.86
25129848	198625	2	10.07
25131527	483465	8	16.55
25140595	57590	3	52.09
25202297	350717	6	17.11
25355540	53671	11	204.95
25423353	96883	3	30.97
25502801	100396	2	19.92
25503728	11543	6	519.8
25516680	176885	3	16.96
25518695	312872	8	25.57
25532367	175747	2	11.38
25551407	256639	5	19.48
25578790	113114	1	8.84
25580780	59491	5	84.05
25605166	492947	15	30.43
26010656	627357	27	43.04
2853323	122154	1	8.19
2989873	154507	21	135.92
3001425	116952	2	17.1
3263797	79289	2	25.22
3264227	15751	1	63.49
3942618	50064	9	179.77
3943198	49078	3	61.13
3943417	100215	14	139.7
4248513	122618	14	114.18
4556877	33676	5	148.47
4570249	56516	1	17.69
4825625	34709	1	28.81
4835994	66990	2	29.86
4841660	64450	14	217.22
4842161	41008	5	121.93
4853913	129984	5	38.47
4863375	81694	5	61.2
5034978	52168	19	364.21
5065172	521335	30	57.54
5427784	118007	6	50.84
5709444	148166	4	27
5710598	78462	5	63.73
5711988	516281	12	23.24
5816690	1279045	29	22.67
6748555	205417	1	4.87
6871410	80948	9	111.18
6983075	145000	44	303.45
7082511	50967	6	117.72
7312875	14791	3	202.83
7348151	20772	1	48.14
7365493	80357	11	136.89
7365802	84436	1	11.84
7396271	170059	20	117.61
7409306	21064	4	189.9
7450297	31794	5	157.26
7579706	168952	11	65.11
7715467	140195	9	64.2
7789301	163931	3	18.3
7882578	422569	73	172.75
7900136	55811	6	107.51
7969628	45305	19	419.38
8056464	72795	1	13.74
8420283	182700	5	27.37
8452102	398447	45	112.94
8468420	219315	7	31.92
8530328	438200	75	171.15
8583380	420735	102	242.43
8584155	595503	30	50.38
8611740	526972	28	53.13
8612670	395663	67	169.34
8613464	177698	8	45.02
8621139	98407	9	91.46
8623829	506874	22	43.4
8640514	143704	5	34.79
8673926	75085	3	39.95
8674122	127386	15	117.75
8712769	369197	16	43.34
8743818	53645	18	335.54
8746356	457952	9	19.65
8789218	509051	56	110.01
9223676	106655	14	131.26
9326900	234073	1	4.27
9348564	225815	11	48.71
9771866	189140	29	153.33
ajb_001_1854_001_160_164_e427	1406	2	1422.48
ajb_001_1854_001_17_28_e482	3700	1	270.27
ajb_001_1854_001_213_254_e443	8880	1	112.61
ajb_001_1854_001_254_281_e446	9293	1	107.61
ajb_001_1854_001_28_39_e42	3872	2	516.53
ajb_001_1854_001_343_358_e472	5110	2	391.39
ajb_001_1855_002_170_176_e370	2069	4	1933.3
ajb_001_1855_002_203_220_e378	5950	1	168.07
ajb_001_1855_002_258_265_e393	1841	1	543.18
ajb_001_1855_002_295_316_e414	6026	3	497.84
ajb_001_1855_002_32_57_e337	6552	4	610.5
ajb_001_1855_002_57_79_e340	7192	2	278.09
ajb_001_1855_002_99_132_e350	10785	8	741.77
ajb_001_1856_003_252_254_e410	784	2	2551.02
ajb_001_1856_003_274_280_e445	1642	1	609.01
ajb_001_1856_003_309_335_e432	8399	7	833.43
ajb_001_1860_004_100_122_e190	7158	1	139.7
ajb_001_1860_004_61_71_e184	3333	4	1200.12
ajb_001_1860_004_72_83_e186	4095	6	1465.2
ajb_001_1861_005_110_114_e194	1555	2	1286.17
ajb_001_1861_005_114_121_e196	2334	2	856.9
ajb_001_1861_005_150_158_e207	2917	1	342.82
ajb_001_1862_006_4_50_e197	15586	2	128.32
ajb_001_1862_006_93_119_e206	7984	1	125.25
ajb_001_1863_007_144_159_e228	5246	3	571.86
ajb_001_1863_007_166_173_e232	2508	1	398.72
ajb_001_1866_008_122_128_e281	1940	5	2577.32
ajb_001_1866_008_207_219_e293	4090	6	1466.99
ajb_001_1866_008_20_44_e261	7862	4	508.78
ajb_001_1866_008_219_224_e295	1684	3	1781.47
ajb_001_1868_009_133_159_e230	8747	1	114.32
ajb_001_1868_009_159_178_e232	6767	4	591.1
ajb_001_1868_009_182_189_e237	2691	3	1114.83
ajb_001_1868_009_58_75_e226	5426	1	184.3
ajb_001_1870_010_145_153_e369	2880	1	347.22
ajb_001_1870_010_168_184_e374	5545	2	360.69
ajb_001_1870_010_204_332_e377	40625	11	270.77
apm_001_1826_002_107_111_e462	1386	1	721.5
apm_001_1826_002_122_122_e358	220	1	4545.45
apm_001_1826_002_13_15_e274	345	2	5797.1
apm_001_1826_002_15_18_e277	1125	3	2666.67
apm_001_1826_002_179_188_e468	3015	1	331.67
apm_001_1826_002_200_214_e416	3060	4	1307.19
apm_001_1826_002_219_230_e470	3341	1	299.31
apm_001_1826_002_27_30_e477	1055	1	947.87
apm_001_1826_002_67_76_e458	3102	1	322.37
apm_001_1826_002_83_94_e459	3499	1	285.8
apm_001_1826_002_9_12_e267	1012	2	1976.28
apm_001_1827_003_153_161_e324	1535	10	6514.66
apm_001_1827_003_43_47_e369	302	1	3311.26
apm_001_1827_003_5_17_e11	3186	1	313.87
apm_001_1828_004_17_19_e26	675	1	1481.48
apm_001_1828_004_184_188_e414	1344	1	744.05
apm_001_1828_004_205_205_e393	178	3	16853.93
apm_001_1828_004_206_207_e394	517	1	1934.24
apm_001_1829_005_152_159_e313	1308	1	764.53
apm_001_1829_005_29_36_e224	1202	1	831.95
apm_001_1829_005_85_98_e268	3156	1	316.86
apm_001_1830_006_105_109_e295	1354	2	1477.1
apm_001_1830_006_169_179_e363	3796	38	10010.54
apm_001_1830_006_72_80_e276	2855	1	350.26
apm_001_1832_008_181_194_e280	4759	1	210.13
apm_001_1832_008_33_36_e48	1047	1	955.11
apm_001_1833_009_21_29_e224	1614	3	1858.74
apm_001_1834_010_118_126_e271	2147	1	465.77
apm_001_1834_010_135_144_e276	3326	2	601.32
apm_001_1834_010_151_157_e281	1329	2	1504.89
apm_001_1834_010_161_166_e287	1206	1	829.19
apm_001_1834_010_23_33_e227	3567	1	280.35
apm_001_1834_010_47_55_e233	2504	1	399.36
apm_001_1834_010_55_60_e235	1513	1	660.94
apm_001_1834_010_60_62_e238	874	1	1144.16
apm_001_1835_011_107_116_e253	1846	1	541.71
apm_001_1835_011_69_79_e242	2135	1	468.38
apm_001_1836_012_165_180_e274	4937	1	202.55
apm_001_1836_012_181_202_e275	6678	1	149.75
apm_001_1836_012_82_84_e113	634	1	1577.29
apm_001_1836_012_85_96_e245	3499	2	571.59
apm_001_1837_013_145_160_e279	3584	2	558.04
apm_001_1837_013_15_28_e289	3223	1	310.27
apm_001_1838_014_107_122_e301	5106	1	195.85
apm_001_1838_014_123_138_e253	5197	1	192.42
apm_001_1838_014_168_170_e275	640	1	1562.5
apm_001_1838_014_43_52_e291	2937	1	340.48
apm_001_1838_014_75_85_e295	3020	1	331.13
apm_001_1838_014_7_21_e287	4682	2	427.17
apm_001_1839_015_112_120_e297	1454	1	687.76
apm_001_1839_015_182_188_e319	891	3	3367
apm_001_1839_015_205_218_e330	2725	1	366.97
apm_001_1839_015_93_103_e263	1896	2	1054.85
apm_001_1840_016_104_107_e264	1154	1	866.55
apm_001_1840_016_107_111_e267	1467	2	1363.33
apm_001_1840_016_10_16_e19	2050	1	487.8
apm_001_1840_016_137_144_e290	2411	1	414.77
apm_001_1840_016_155_160_e302	2007	1	498.26
apm_001_1840_016_16_22_e29	2069	8	3866.6
apm_001_1840_016_192_196_e315	1571	1	636.54
apm_001_1840_016_197_200_e318	1037	1	964.32
apm_001_1840_016_69_80_e248	4289	1	233.15
apm_001_1840_016_9_10_e15	283	1	3533.57
apm_001_1841_017_109_129_e284	6468	1	154.61
apm_001_1841_017_26_33_e45	1434	1	697.35
apm_001_1842_018_125_139_e322	4205	1	237.81
apm_001_1842_018_141_149_e327	2621	1	381.53
apm_001_1842_018_180_184_e348	1241	3	2417.41
apm_001_1842_018_185_190_e351	1495	2	1337.79
apm_001_1842_018_190_200_e353	3602	3	832.87
apm_001_1842_018_39_43_e78	1311	1	762.78
apm_001_1842_018_87_93_e291	2043	1	489.48
apm_001_1843_019_11_15_e18	918	1	1089.32
apm_001_1843_019_73_82_e312	1807	1	553.4
apm_001_1843_019_86_129_e315	6349	123	19373.13
apm_001_1844_020_184_190_e342	2572	1	388.8
apm_001_1844_020_190_205_e345	5181	2	386.03
apm_001_1844_020_34_38_e359	1322	3	2269.29
apm_001_1844_020_7_19_e225	4443	1	225.07
apm_001_1847_023_126_129_e349	1523	1	656.6
apm_001_1847_023_141_144_e358	1495	1	668.9
apm_001_1847_023_149_152_e364	1065	1	938.97
apm_001_1847_023_23_24_e280	463	1	2159.83
apm_001_1847_023_35_36_e292	192	2	10416.67
apm_001_1847_023_9_16_e269	2333	2	857.27
apm_001_1848_024_49_58_e160	1865	2	1072.39
ass_001_1835_001_131_138_e277	1916	1	521.92
ass_001_1835_001_209_223_e280	5127	2	390.09
ass_001_1835_001_64_96_e242	10339	2	193.44
ass_001_1835_001_7_64_e237	17857	4	224
ass_001_1836_002_118_124_e722	2265	1	441.5
ass_001_1836_002_156_197_e604	15538	10	643.58
ass_001_1836_002_246_261_e672	4913	1	203.54
ass_001_1836_002_298_336_e746	15564	3	192.75
ass_001_1836_002_365_378_e628	3776	2	529.66
ass_001_1836_002_412_425_e753	4396	2	454.96
ass_001_1836_002_442_463_e709	6082	1	164.42
ass_001_1836_002_491_543_e637	17092	1	58.51
ass_001_1836_002_543_559_e754	4229	1	236.46
ass_001_1837_003_123_126_e934	1389	1	719.94
ass_001_1837_003_126_129_e935	1804	1	554.32
ass_001_1837_003_130_143_e936	6322	6	949.07
ass_001_1837_003_179_193_e991	6881	1	145.33
ass_001_1837_003_193_194_e940	483	1	2070.39
ass_001_1837_003_194_198_e941	1822	3	1646.54
ass_001_1837_003_198_199_e942	700	1	1428.57
ass_001_1837_003_200_233_e651	12010	4	333.06
ass_001_1837_003_260_267_e992	3102	6	1934.24
ass_001_1837_003_267_273_e953	3356	1	297.97
ass_001_1837_003_274_283_e954	3231	2	619
ass_001_1837_003_306_315_e681	3535	1	282.89
ass_001_1837_003_315_321_e684	2312	1	432.53
ass_001_1837_003_321_329_e687	3043	1	328.62
ass_001_1837_003_341_359_e997	8768	3	342.15
ass_001_1837_003_35_37_e918	1243	3	2413.52
ass_001_1837_003_360_373_e998	5315	6	1128.88
ass_001_1837_003_375_386_e965	4693	1	213.08
ass_001_1837_003_43_45_e922	598	1	1672.24
ass_001_1837_003_45_47_e924	782	9	11508.95
ass_001_1837_003_465_474_e973	3836	2	521.38
ass_001_1837_003_481_486_e975	2612	3	1148.55
ass_001_1837_003_513_529_e745	5999	2	333.39
ass_001_1837_003_53_64_e624	4112	2	486.38
ass_001_1837_003_574_579_e986	2456	1	407.17
ass_001_1837_003_69_71_e927	967	1	1034.13
ass_001_1838_004_149_154_e795	2331	1	429
ass_001_1838_004_164_177_e797	7115	2	281.1
ass_001_1838_004_28_39_e595	4467	1	223.86
ass_001_1838_004_352_357_e699	1855	1	539.08
ass_001_1838_004_374_386_e812	6546	1	152.77
ass_001_1838_004_454_462_e721	2941	1	340.02
ass_001_1838_004_471_481_e820	4650	1	215.05
ass_001_1838_004_481_481_e821	249	5	20080.32
ass_001_1838_004_49_54_e786	2358	1	424.09
ass_001_1838_004_519_531_e753	5031	1	198.77
ass_001_1838_004_74_81_e837	3503	14	3996.57
ass_001_1838_004_81_86_e789	2196	6	2732.24
ass_001_1838_004_92_96_e792	2022	1	494.56
ass_001_1839_005_121_142_e428	9340	2	214.13
ass_001_1839_005_151_157_e498	2205	5	2267.57
ass_001_1839_005_160_183_e500	10889	4	367.34
ass_001_1839_005_260_271_e506	3709	2	539.23
ass_001_1839_005_271_273_e507	650	1	1538.46
ass_001_1839_005_314_321_e514	2491	1	401.45
ass_001_1839_005_332_342_e520	4048	3	741.11
ass_001_1839_005_357_361_e549	1787	6	3357.58
ass_001_1839_005_74_78_e495	1840	1	543.48
ass_001_1840_006_106_110_e942	1538	2	1300.39
ass_001_1840_006_163_170_e631	2506	4	1596.17
ass_001_1840_006_170_181_e634	4230	7	1654.85
ass_001_1840_006_187_188_e643	590	7	11864.41
ass_001_1840_006_248_250_e890	1046	1	956.02
ass_001_1840_006_253_264_e686	4220	3	710.9
ass_001_1840_006_264_274_e943	4161	3	720.98
ass_001_1840_006_285_286_e704	462	1	2164.5
ass_001_1840_006_288_303_e707	5515	2	362.65
ass_001_1840_006_349_358_e739	3616	22	6084.07
ass_001_1840_006_358_359_e742	167	2	11976.05
ass_001_1840_006_359_366_e745	2911	6	2061.15
ass_001_1840_006_372_379_e751	2272	1	440.14
ass_001_1840_006_44_57_e856	5301	5	943.22
ass_001_1840_006_454_476_e805	8773	3	341.96
ass_001_1840_006_550_558_e846	3386	7	2067.34
ass_001_1840_006_561_565_e850	1526	3	1965.92
ass_001_1840_006_85_94_e602	3466	4	1154.07
ass_001_1841_007_105_114_e608	3184	1	314.07
ass_001_1841_007_189_191_e645	768	2	2604.17
ass_001_1841_007_196_213_e651	6162	1	162.28
ass_001_1841_007_287_295_e663	3496	1	286.04
ass_001_1841_007_2_39_e591	13516	2	147.97
ass_001_1841_007_321_332_e677	3456	4	1157.41
ass_001_1841_007_343_350_e695	2500	8	3200
ass_001_1841_007_39_77_e593	15853	1	63.08
ass_001_1841_007_450_473_e747	8049	2	248.48
ass_001_1841_007_473_494_e750	7996	4	500.25
ass_001_1841_007_498_504_e839	2130	1	469.48
ass_001_1841_007_564_574_e783	4019	7	1741.73
ass_001_1842_008_130_134_e641	1365	1	732.6
ass_001_1842_008_134_149_e644	5120	6	1171.88
ass_001_1842_008_149_172_e647	9722	5	514.3
ass_001_1842_008_190_190_e669	327	2	6116.21
ass_001_1842_008_200_210_e677	3683	2	543.04
ass_001_1842_008_276_288_e710	5788	1	172.77
ass_001_1842_008_368_371_e737	1035	12	11594.2
ass_001_1842_008_77_79_e604	602	6	9966.78
ass_001_1842_008_90_90_e614	122	2	16393.44
ass_001_1843_009_179_181_e679	999	1	1001
ass_001_1843_009_187_201_e685	5410	2	369.69
ass_001_1843_009_269_270_e709	1033	1	968.05
ass_001_1843_009_282_286_e713	1987	3	1509.81
ass_001_1843_009_334_338_e739	1994	1	501.5
ass_001_1843_009_356_363_e757	2707	5	1847.06
ass_001_1843_009_371_376_e763	2059	1	485.67
ass_001_1843_009_415_430_e772	4773	3	628.54
ass_001_1843_009_466_468_e793	804	2	2487.56
ass_001_1843_009_487_490_e859	1445	1	692.04
ass_001_1843_009_546_559_e819	5230	8	1529.64
ass_001_1843_009_559_564_e822	1946	1	513.87
ass_001_1844_010_152_177_e534	11120	3	269.78
ass_001_1844_010_177_183_e537	2938	1	340.37
ass_001_1844_010_1_28_e497	10113	2	197.77
ass_001_1844_010_254_271_e578	6220	1	160.77
ass_001_1844_010_272_293_e581	9696	9	928.22
ass_001_1844_010_317_325_e586	3186	1	313.87
ass_001_1844_010_326_332_e589	2503	1	399.52
ass_001_1844_010_351_351_e618	293	1	3412.97
ass_001_1844_010_352_361_e619	4267	1	234.36
ass_001_1844_010_373_376_e639	1607	1	622.28
ass_001_1844_010_384_386_e658	1105	1	904.98
ass_001_1844_010_436_441_e683	1880	1	531.91
ass_001_1844_010_441_443_e684	951	1	1051.52
ass_001_1844_010_448_460_e690	5519	10	1811.92
ass_001_1844_010_465_473_e700	3120	5	1602.56
ass_001_1844_010_75_98_e516	9092	42	4619.45
ass_001_1845_011_114_117_e711	1277	2	1566.17
ass_001_1845_011_187_196_e731	3726	1	268.38
ass_001_1845_011_291_294_e775	1170	1	854.7
ass_001_1845_011_294_294_e789	145	1	6896.55
ass_001_1845_011_360_367_e911	2377	5	2103.49
ass_001_1845_011_393_398_e806	1857	1	538.5
ass_001_1845_011_400_407_e812	2838	10	3523.61
ass_001_1845_011_425_432_e838	2724	3	1101.32
ass_001_1845_011_432_433_e841	447	1	2237.14
ass_001_1845_011_606_614_e923	3015	1	331.67
ass_001_1845_011_67_70_e904	1760	1	568.18
ass_001_1845_011_76_95_e692	7228	2	276.7
bmb_001_1850_001_100_102_e282	1443	1	693
bmb_001_1850_001_107_117_e285	4152	1	240.85
bmb_001_1850_001_119_122_e289	1320	1	757.58
bmb_001_1850_001_125_132_e294	2200	1	454.55
bmb_001_1850_001_143_149_e308	2318	1	431.41
bmb_001_1850_001_155_158_e322	1931	2	1035.73
bmb_001_1850_001_159_166_e324	2192	1	456.2
bmb_001_1850_001_180_182_e335	1391	1	718.91
bmb_001_1850_001_39_46_e241	2648	2	755.29
bmb_001_1850_001_73_73_e259	331	1	3021.15
bmb_001_1850_001_77_79_e264	708	3	4237.29
bmb_001_1851_002_188_191_e399	1650	1	606.06
bmb_001_1851_002_230_231_e424	781	2	2560.82
bmb_001_1851_002_251_255_e442	1709	1	585.14
bmb_001_1851_002_37_39_e300	1419	2	1409.44
bmb_001_1851_002_52_55_e316	1579	1	633.31
bmb_001_1852_003_119_120_e365	774	1	1291.99
bmb_001_1852_003_205_208_e416	790	1	1265.82
bmb_001_1852_003_20_20_e308	255	1	3921.57
bmb_001_1852_003_21_24_e310	1524	1	656.17
bmb_001_1852_003_232_239_e424	2480	1	403.23
bmb_001_1852_003_283_288_e449	1814	1	551.27
bmb_001_1852_003_36_40_e318	1813	1	551.57
bmb_001_1852_003_45_50_e323	1801	13	7218.21
bmb_001_1853_004_19_23_e286	1591	3	1885.61
bmb_001_1853_004_229_231_e400	933	2	2143.62
bmb_001_1853_004_63_71_e313	3716	1	269.11
bmb_001_1854_005_100_102_e317	863	2	2317.5
bmb_001_1854_005_170_176_e355	3164	1	316.06
bmb_001_1854_005_177_187_e358	3435	1	291.12
bmb_001_1854_005_195_204_e373	3131	1	319.39
bmb_001_1854_005_225_226_e387	474	2	4219.41
bmb_001_1854_005_22_24_e272	1096	1	912.41
bmb_001_1854_005_37_40_e284	1471	1	679.81
bmb_001_1854_005_41_57_e287	5597	1	178.67
bmb_001_1854_005_57_61_e289	1523	1	656.6
bmb_001_1855_006_108_112_e305	1724	1	580.05
bmb_001_1855_006_147_152_e330	2421	3	1239.16
bmb_001_1855_006_166_168_e340	1050	1	952.38
bmb_001_1855_006_198_200_e364	944	2	2118.64
bmb_001_1855_006_20_24_e256	2033	1	491.88
bmb_001_1855_006_35_40_e263	2239	2	893.26
bmb_001_1855_006_60_64_e274	1836	2	1089.32
bmb_001_1856_007_100_104_e344	2125	1	470.59
bmb_001_1856_007_133_136_e377	1684	1	593.82
bmb_001_1856_007_212_216_e420	1878	1	532.48
bmb_001_1856_007_34_36_e303	666	3	4504.5
bmb_001_1856_007_42_56_e314	7014	1	142.57
bmb_001_1856_007_59_64_e319	1856	1	538.79
bmb_001_1856_007_69_72_e333	1349	1	741.29
bmb_001_1857_008_166_168_e352	733	1	1364.26
bmb_001_1857_008_214_216_e385	948	4	4219.41
bmb_001_1857_008_254_256_e413	1005	1	995.02
bmb_001_1857_008_53_56_e283	1600	1	625
bmb_001_1858_009_128_139_e302	3587	1	278.78
bmb_001_1858_009_168_183_e322	5566	1	179.66
bmb_001_1858_009_192_207_e331	5262	1	190.04
bmb_001_1858_009_72_78_e274	2034	6	2949.85
bmb_001_1858_009_78_81_e276	1055	1	947.87
bmb_001_1858_009_81_87_e279	2826	1	353.86
bmb_001_1858_009_8_14_e254	2048	2	976.56
bmb_001_1858_009_92_95_e284	1034	3	2901.35
bmb_001_1859_010_49_53_e224	1693	1	590.67
bmb_001_1860_011_12_17_e240	2268	3	1322.75
bmb_001_1860_011_146_156_e323	2699	1	370.51
bmb_001_1860_011_59_60_e269	789	1	1267.43
bmb_001_1861_012_208_210_e399	774	17	21963.82
bmb_001_1861_012_28_30_e243	1021	3	2938.3
bmb_001_1862_013_11_14_e208	1289	23	17843.29
bmb_001_1862_013_162_164_e379	910	3	3296.7
bmb_001_1862_013_181_191_e396	5227	15	2869.71
bmb_001_1862_013_191_194_e398	1299	4	3079.29
bmb_001_1862_013_89_93_e295	1679	1	595.59
bmb_001_1863_014_153_153_e325	95	2	21052.63
bmb_001_1863_014_187_195_e348	4459	2	448.53
bmb_001_1863_014_29_32_e232	1738	2	1150.75
bmb_001_1863_014_41_42_e242	831	4	4813.48
bmb_001_1863_014_74_88_e277	6239	3	480.85
bmb_001_1864_015_107_115_e285	2562	1	390.32
bmb_001_1864_015_123_131_e293	3074	5	1626.55
bmb_001_1864_015_133_136_e299	1180	3	2542.37
bmb_001_1864_015_137_148_e300	4009	1	249.44
bmb_001_1864_015_21_27_e212	2675	1	373.83
bmb_001_1864_015_8_11_e204	1819	1	549.75
bmb_001_1865_016_162_163_e345	148	1	6756.76
bmb_001_1865_016_41_45_e241	1821	2	1098.3
bmb_001_1865_016_45_48_e243	1167	3	2570.69
bmb_001_1865_016_80_82_e282	999	1	1001
bmb_001_1866_017_125_130_e323	2548	1	392.46
bmb_001_1866_017_144_144_e336	208	1	4807.69
bmb_001_1866_017_18_19_e215	1098	3	2732.24
bmb_001_1866_017_35_35_e230	536	1	1865.67
bmb_001_1866_017_43_44_e239	349	1	2865.33
bmb_001_1866_017_92_95_e282	1253	2	1596.17
bmb_001_1867_018_115_124_e244	3661	5	1365.75
bmb_001_1869_020_113_117_e262	1507	4	2654.28
bmb_001_1870_020_103_104_e285	1041	1	960.61
bmb_001_1870_020_28_31_e228	1566	1	638.57
bmb_001_1870_020_7_8_e215	1294	1	772.8
bsf_001_1861_001_61_66_e39	1739	1	575.04
bsf_001_1861_001_97_98_e60	417	1	2398.08
bsf_001_1862_002_112_113_e76	361	5	13850.42
bsf_001_1862_002_206_208_e139	730	3	4109.59
bsf_001_1862_002_208_209_e141	553	2	3616.64
bsf_001_1862_002_226_233_e154	3066	1	326.16
bsf_001_1862_002_312_316_e214	1372	1	728.86
bsf_001_1862_002_359_366_e246	2386	1	419.11
bsf_001_1862_002_78_80_e54	702	2	2849
bsf_001_1863_003_121_125_e83	1197	2	1670.84
bsf_001_1863_003_148_153_e103	1737	1	575.71
bsf_001_1863_003_158_161_e106	980	1	1020.41
bsf_001_1863_003_174_174_e114	300	7	23333.33
bsf_001_1863_003_186_188_e123	715	1	1398.6
bsf_001_1863_003_188_192_e124	1474	1	678.43
bsf_001_1863_003_205_207_e136	919	1	1088.14
bsf_001_1863_003_224_225_e146	832	7	8413.46
bsf_001_1863_003_241_241_e157	101	1	9900.99
bsf_001_1863_003_245_253_e163	3232	1	309.41
bsf_001_1863_003_297_304_e200	2537	8	3153.33
bsf_001_1864_004_111_113_e72	775	1	1290.32
bsf_001_1864_004_11_14_e9	1155	1	865.8
bsf_001_1864_004_126_127_e81	737	6	8141.11
bsf_001_1864_004_134_136_e89	783	1	1277.14
bsf_001_1864_004_137_138_e90	425	1	2352.94
bsf_001_1864_004_14_16_e11	717	2	2789.4
bsf_001_1864_004_172_176_e111	1566	3	1915.71
bsf_001_1864_004_22_26_e18	1478	1	676.59
bsf_001_1864_004_236_240_e145	1636	1	611.25
bsf_001_1864_004_240_241_e146	464	3	6465.52
bsf_001_1864_004_242_247_e150	2307	1	433.46
bsf_001_1864_004_250_253_e152	1037	8	7714.56
bsf_001_1864_004_254_257_e155	1162	4	3442.34
bsf_001_1864_004_266_269_e161	1048	5	4770.99
bsf_001_1864_004_274_276_e169	847	1	1180.64
bsf_001_1864_004_29_33_e22	1553	3	1931.75
bsf_001_1864_004_315_320_e191	1898	2	1053.74
bsf_001_1864_004_345_350_e214	1830	2	1092.9
bsf_001_1864_004_365_366_e222	572	2	3496.5
bsf_001_1864_004_382_383_e232	685	2	2919.71
bsf_001_1864_004_84_89_e56	1929	1	518.4
bsf_001_1864_004_89_92_e57	1004	2	1992.03
bsf_001_1865_005_102_107_e59	2310	1	432.9
bsf_001_1865_005_110_113_e61	1256	1	796.18
bsf_001_1865_005_118_122_e67	1463	1	683.53
bsf_001_1865_005_122_123_e68	274	1	3649.64
bsf_001_1865_005_124_128_e70	1454	2	1375.52
bsf_001_1865_005_133_137_e77	1869	1	535.05
bsf_001_1865_005_162_167_e94	2332	1	428.82
bsf_001_1865_005_226_231_e129	1682	1	594.53
bsf_001_1865_005_22_29_e17	2887	1	346.38
bsf_001_1865_005_242_243_e136	536	2	3731.34
bsf_001_1865_005_243_247_e137	1525	1	655.74
bsf_001_1865_005_271_273_e151	626	2	3194.89
bsf_001_1865_005_290_295_e166	2206	1	453.31
bsf_001_1865_005_305_305_e172	180	1	5555.56
bsf_001_1865_005_58_64_e35	1860	2	1075.27
bsf_001_1865_005_66_70_e41	1599	1	625.39
bsf_001_1865_005_76_78_e44	668	1	1497.01
bsf_001_1865_005_86_91_e52	1659	1	602.77
bsf_001_1866_006_105_111_e60	2186	15	6861.85
bsf_001_1866_006_10_16_e9	2724	1	367.11
bsf_001_1866_006_120_123_e66	1437	2	1391.79
bsf_001_1866_006_169_171_e87	546	1	1831.5
bsf_001_1866_006_17_25_e13	3028	1	330.25
bsf_001_1866_006_205_208_e106	1740	1	574.71
bsf_001_1866_006_221_224_e115	1590	2	1257.86
bsf_001_1866_006_225_229_e120	1466	1	682.13
bsf_001_1866_006_235_240_e123	1728	1	578.7
bsf_001_1866_006_264_266_e139	835	1	1197.6
bsf_001_1866_006_281_287_e148	2087	2	958.31
bsf_001_1866_006_28_31_e16	1009	8	7928.64
bsf_001_1866_006_317_320_e165	1447	6	4146.51
bsf_001_1866_006_344_349_e180	1955	1	511.51
bsf_001_1866_006_49_52_e30	1360	1	735.29
bsf_001_1866_006_79_80_e44	673	2	2971.77
bsf_001_1866_006_89_94_e51	1651	4	2422.77
bsf_001_1867_007_139_144_e76	1411	1	708.72
bsf_001_1867_007_193_193_e112	645	3	4651.16
bsf_001_1867_007_305_312_e177	3347	8	2390.2
bsf_001_1867_007_327_328_e187	891	1	1122.33
bsf_001_1867_007_335_335_e190	638	1	1567.4
bso_001_1858_001_133_136_e36	4944	1	202.27
bso_001_1858_001_141_144_e38	4645	6	1291.71
bso_001_1858_001_145_150_e39	7396	1	135.21
bso_001_1858_001_175_178_e46	4800	1	208.33
bso_001_1858_001_17_20_e7	4662	3	643.5
bso_001_1858_001_195_198_e51	4937	2	405.1
bso_001_1858_001_1_4_e3	4339	1	230.47
bso_001_1858_001_203_206_e53	4623	1	216.31
bso_001_1858_001_29_32_e10	4857	1	205.89
bso_001_1858_001_57_60_e17	4634	6	1294.78
bso_001_1858_001_5_8_e4	4455	2	448.93
bso_001_1858_001_69_72_e20	4688	3	639.93
bso_001_1858_001_77_80_e22	5112	1	195.62
bso_001_1858_001_89_92_e25	4849	2	412.46
bso_001_1859_002_101_104_e28	4737	5	1055.52
bso_001_1859_002_105_108_e29	4979	2	401.69
bso_001_1859_002_13_16_e6	4790	4	835.07
bso_001_1859_002_165_168_e44	4824	1	207.3
bso_001_1859_002_1_4_e3	5271	3	569.15
bso_001_1859_002_33_36_e11	5076	2	394.01
bso_001_1860_003_101_104_e28	4952	1	201.94
bso_001_1860_003_177_180_e47	4724	2	423.37
bso_001_1860_003_17_20_e7	4885	1	204.71
bso_001_1860_003_181_184_e48	4529	1	220.8
bso_001_1860_003_193_196_e51	4643	3	646.13
bso_001_1860_003_197_200_e52	4736	1	211.15
bso_001_1860_003_1_4_e3	4621	1	216.4
bso_001_1860_003_201_204_e53	4415	1	226.5
bso_001_1860_003_205_208_e54	3295	1	303.49
bso_001_1860_003_21_24_e8	4890	2	409
bso_001_1860_003_49_52_e15	4643	1	215.38
bso_001_1860_003_5_8_e4	4832	1	206.95
bso_001_1860_003_61_64_e18	4503	2	444.15
bso_001_1860_003_65_68_e19	4710	3	636.94
bso_001_1860_003_85_88_e24	5032	1	198.73
bso_001_1860_003_89_92_e25	5056	3	593.35
bso_001_1861_004_101_104_e28	4374	4	914.49
bso_001_1861_004_105_108_e29	4546	1	219.97
bso_001_1861_004_117_120_e32	4515	2	442.97
bso_001_1861_004_13_16_e6	4319	1	231.54
bso_001_1861_004_145_148_e39	4389	1	227.84
bso_001_1861_004_149_152_e40	4279	1	233.7
bso_001_1861_004_153_156_e41	4257	1	234.91
bso_001_1861_004_161_164_e43	4765	1	209.86
bso_001_1861_004_165_168_e44	3892	2	513.87
bso_001_1861_004_177_180_e47	4263	2	469.15
bso_001_1861_004_17_20_e7	4254	1	235.07
bso_001_1861_004_197_200_e52	3890	2	514.14
bso_001_1861_004_201_204_e53	3909	1	255.82
bso_001_1861_004_205_208_e54	4354	2	459.35
bso_001_1861_004_21_24_e8	4430	1	225.73
bso_001_1861_004_73_76_e21	3756	4	1064.96
bso_001_1861_004_77_80_e22	4240	1	235.85
bso_001_1861_004_9_12_e5	4255	1	235.02
bso_001_1862_005_111_114_e31	3976	2	503.02
bso_001_1862_005_119_122_e33	4317	1	231.64
bso_001_1862_005_143_146_e39	4102	10	2437.84
bso_001_1862_005_155_158_e42	3547	1	281.93
bso_001_1862_005_163_166_e44	4047	1	247.1
bso_001_1862_005_171_174_e46	4501	3	666.52
bso_001_1862_005_183_186_e49	4375	1	228.57
bso_001_1862_005_21_24_e8	4352	1	229.78
bso_001_1862_005_29_32_e10	4344	2	460.41
bso_001_1862_005_33_36_e11	4521	1	221.19
bso_001_1862_005_45_48_e14	4261	1	234.69
bso_001_1862_005_53_56_e16	4109	1	243.37
bso_001_1862_005_61_64_e18	4156	5	1203.08
bso_001_1862_005_93_96_e26	3873	1	258.2
bso_001_1863_006_109_112_e30	4208	1	237.64
bso_001_1863_006_117_120_e32	3920	1	255.1
bso_001_1863_006_125_128_e34	4097	1	244.08
bso_001_1863_006_141_144_e38	4083	1	244.92
bso_001_1863_006_149_152_e40	3946	2	506.84
bso_001_1863_006_169_172_e45	3929	1	254.52
bso_001_1863_006_17_20_e7	4179	1	239.29
bso_001_1863_006_205_208_e54	4008	2	499
bso_001_1863_006_41_44_e13	4160	1	240.38
bso_001_1863_006_53_56_e16	4118	1	242.84
bso_001_1863_006_57_60_e17	4013	1	249.19
bso_001_1863_006_65_68_e19	4337	2	461.15
bso_001_1863_006_69_72_e20	4315	1	231.75
bso_001_1863_006_81_84_e23	4479	6	1339.58
bso_001_1863_006_85_88_e24	4363	1	229.2
bso_001_1863_006_93_96_e26	4047	1	247.1
bso_001_1864_007_121_124_e33	4317	2	463.28
bso_001_1864_007_129_132_e35	4114	1	243.07
bso_001_1864_007_137_140_e37	3985	5	1254.71
bso_001_1864_007_13_16_e6	3988	2	501.5
bso_001_1864_007_145_148_e39	4362	2	458.51
bso_001_1864_007_153_156_e41	4186	2	477.78
bso_001_1864_007_209_212_e56	4464	1	224.01
bso_001_1864_007_25_28_e9	4417	1	226.4
bso_001_1864_007_37_40_e12	4264	1	234.52
bso_001_1864_007_5_8_e4	3806	15	3941.15
bso_001_1864_007_73_76_e21	4259	4	939.19
bso_001_1864_007_81_84_e23	4322	2	462.75
bso_001_1864_007_9_12_e5	4323	2	462.64
bso_001_1865_008_13_16_e6	4074	1	245.46
bso_001_1865_008_141_144_e38	4250	1	235.29
bso_001_1865_008_153_156_e41	4194	2	476.87
bso_001_1865_008_187_190_e50	4257	1	234.91
bso_001_1865_008_199_202_e53	4168	6	1439.54
bso_001_1865_008_1_4_e3	3763	5	1328.73
bso_001_1865_008_21_24_e8	3245	1	308.17
bso_001_1865_008_69_72_e20	4382	1	228.21
bso_001_1865_008_9_12_e5	4125	1	242.42
bso_001_1866_009_103_106_e28	4185	1	238.95
bso_001_1866_009_107_110_e29	4193	1	238.49
bso_001_1866_009_111_116_e30	6160	1	162.34
bso_001_1866_009_13_16_e6	3459	1	289.1
bso_001_1866_009_151_154_e40	3934	2	508.39
bso_001_1866_009_163_166_e43	4219	2	474.05
bso_001_1866_009_173_176_e46	4328	3	693.16
bso_001_1866_009_17_20_e7	4383	1	228.15
bso_001_1866_009_197_200_e52	4453	1	224.57
bso_001_1866_009_205_208_e54	4295	1	232.83
bso_001_1866_009_21_24_e8	4107	1	243.49
bso_001_1866_009_37_40_e12	4440	1	225.23
bso_001_1866_009_49_54_e15	6237	2	320.67
bso_001_1866_009_59_62_e17	4886	1	204.67
bso_001_1866_009_63_66_e18	4118	1	242.84
bso_001_1866_009_83_86_e23	4427	3	677.66
bso_001_1866_009_87_90_e24	4412	1	226.65
bso_001_1867_010_105_108_e29	4107	1	243.49
bso_001_1867_010_113_116_e31	4247	1	235.46
bso_001_1867_010_117_120_e32	4097	1	244.08
bso_001_1867_010_137_140_e37	3839	1	260.48
bso_001_1867_010_17_20_e7	4400	2	454.55
bso_001_1867_010_41_44_e13	4243	1	235.68
bso_001_1867_010_65_68_e19	4231	4	945.4
bso_001_1867_010_69_72_e20	4223	3	710.4
bso_001_1867_010_73_76_e21	4062	3	738.55
bso_001_1867_010_77_80_e22	3985	4	1003.76
bso_001_1867_010_81_84_e23	4340	1	230.41
bso_002_1868_001_103_106_e27	3715	5	1345.9
bso_002_1868_001_117_120_e30	4287	2	466.53
bso_002_1868_001_125_128_e32	4615	2	433.37
bso_002_1868_001_141_144_e36	4053	1	246.73
bso_002_1868_001_165_168_e42	4029	1	248.2
bso_002_1868_001_173_176_e44	3795	2	527.01
bso_002_1868_001_193_196_e49	4155	3	722.02
bso_002_1868_001_213_216_e54	4502	1	222.12
bso_002_1868_001_21_24_e8	3928	3	763.75
bso_002_1868_001_29_32_e10	4410	1	226.76
bso_002_1868_001_33_36_e11	3334	1	299.94
bso_002_1868_001_37_40_e12	4055	2	493.22
bso_002_1868_001_47_50_e14	4139	1	241.6
bso_002_1868_001_55_58_e16	4135	5	1209.19
bso_002_1868_001_59_62_e17	4466	2	447.83
bso_002_1868_001_71_74_e20	4189	1	238.72
bso_002_1868_001_93_96_e25	4171	1	239.75
bso_002_1868_001_97_102_e26	6621	1	151.03
bso_002_1869_002_101_104_e28	4322	1	231.37
bso_002_1869_002_117_120_e32	4405	1	227.01
bso_002_1869_002_121_124_e33	4310	2	464.04
bso_002_1869_002_125_128_e34	4046	1	247.16
bso_002_1869_002_133_136_e36	4262	1	234.63
bso_002_1869_002_149_152_e40	4144	1	241.31
bso_002_1869_002_161_164_e43	4186	2	477.78
bso_002_1869_002_169_172_e45	4595	4	870.51
bso_002_1869_002_185_188_e49	4304	2	464.68
bso_002_1869_002_197_200_e52	4472	1	223.61
bso_002_1869_002_1_4_e3	4551	3	659.2
bso_002_1869_002_201_204_e53	4046	1	247.16
bso_002_1869_002_33_36_e11	4131	1	242.07
bso_002_1869_002_41_44_e13	4248	1	235.4
bso_002_1869_002_45_48_e14	3948	2	506.59
bso_002_1869_002_49_52_e15	4346	2	460.19
bso_002_1869_002_57_60_e17	4143	6	1448.23
bso_002_1869_002_89_92_e25	4462	6	1344.69
bso_002_1869_002_93_96_e26	3852	2	519.21
bso_002_1869_002_97_100_e27	4144	2	482.63
bso_002_1870_003_101_104_e29	4384	1	228.1
bso_002_1870_003_117_120_e33	4054	2	493.34
bso_002_1870_003_121_124_e34	4473	2	447.13
bso_002_1870_003_157_160_e43	4213	1	237.36
bso_002_1870_003_161_164_e44	4479	1	223.26
bso_002_1870_003_165_168_e45	4441	2	450.35
bso_002_1870_003_177_182_e47	6620	2	302.11
bso_002_1870_003_183_186_e48	4865	1	205.55
bso_002_1870_003_199_202_e52	4356	1	229.57
bso_002_1870_003_21_24_e11	4146	1	241.2
bso_002_1870_003_29_32_e13	4086	2	489.48
bso_002_1870_003_33_36_e14	4254	1	235.07
bso_002_1870_003_37_40_e15	4377	2	456.93
bso_002_1870_003_45_48_e17	4402	2	454.34
bso_002_1870_003_5_8_e7	4441	7	1576.22
bso_002_1870_003_61_64_e21	4802	1	208.25
bso_002_1870_003_65_70_e22	6601	9	1363.43
bso_002_1870_003_77_80_e24	4745	4	842.99
bso_002_1870_003_81_88_e25	9543	12	1257.47
bso_002_1870_003_89_92_e26	4672	9	1926.37
bso_002_1870_003_93_96_e27	4299	1	232.61
bso_002_1870_003_97_100_e28	4290	3	699.3
btb_001_1853_002_199_330_e353	98355	4	40.67
btb_001_1853_002_38_95_e341	43156	2	46.34
btb_001_1854_003_179_237_e341	42615	1	23.47
btb_001_1855_004_121_168_e316	33403	1	29.94
btb_001_1856_005_142_165_e301	16740	1	59.74
btb_001_1857_006_202_226_e324	12774	1	78.28
btb_001_1857_006_281_307_e327	15163	1	65.95
btb_001_1857_006_85_128_e315	27695	1	36.11
btb_001_1858_007_169_223_e304	43398	1	23.04
btb_001_1858_007_270_285_e306	8644	1	115.69
btb_001_1858_007_81_137_e301	43371	1	23.06
btb_001_1859_008_10_51_e296	25930	1	38.57
btb_001_1859_008_134_201_e299	44567	1	22.44
btb_001_1859_008_267_290_e304	11434	1	87.46
btb_001_1860_009_147_174_e377	17645	1	56.67
btb_001_1860_009_208_354_e379	92951	3	32.28
btb_001_1860_009_85_146_e376	35582	5	140.52
btb_001_1862_011_245_270_e367	16674	1	59.97
btb_001_1863_012_301_344_e391	9482	1	105.46
btb_001_1864_013_382_425_e452	20531	2	97.41
btb_001_1865_014_171_218_e356	28120	2	71.12
btb_001_1865_014_219_221_e357	1157	2	1728.61
btb_001_1865_014_222_249_e358	15923	2	125.6
btb_001_1865_014_278_328_e360	23541	1	42.48
btb_001_1865_014_77_141_e352	38160	2	52.41
btb_001_1866_015_10_61_e498	29922	2	66.84
btb_001_1866_015_465_491_e535	12203	1	81.95
btb_001_1867_016_405_439_e480	22475	1	44.49
btb_001_1867_016_9_53_e446	25784	1	38.78
btb_001_1868_017_254_363_e433	67274	4	59.46
btb_001_1868_017_397_419_e435	16055	1	62.29
btb_001_1868_017_8_74_e426	38303	2	52.22
btb_001_1869_018_207_299_e399	56659	2	35.3
btb_001_1869_018_344_386_e402	31031	4	128.9
dns_002_1805_001_240_297_e638	16520	6	363.2
dns_002_1805_001_352_371_e656	5133	1	194.82
dns_002_1805_001_547_558_e690	3329	6	1802.34
dns_002_1806_002_142_156_e596	4369	3	686.66
dns_002_1806_002_156_161_e598	1485	1	673.4
dns_002_1806_002_172_192_e602	5802	3	517.06
dns_002_1806_002_287_318_e613	9588	1	104.3
dns_002_1806_002_365_382_e657	4775	4	837.7
dns_002_1806_002_449_461_e631	3667	3	818.11
dns_002_1807_003_166_174_e437	2469	2	810.04
dns_002_1807_003_271_288_e456	4989	1	200.44
dns_002_1807_003_296_305_e478	3153	1	317.16
dns_002_1807_003_33_55_e422	6699	4	597.1
dns_002_1807_003_93_98_e427	1427	3	2102.31
dns_002_1808_004_274_282_e449	2004	1	499
dns_002_1808_004_282_290_e452	2198	2	909.92
dns_002_1808_004_351_355_e461	811	1	1233.05
dns_002_1808_004_362_379_e470	4647	1	215.19
dns_002_1808_004_5_56_e409	13659	1	73.21
dns_002_1809_005_119_152_e429	9233	1	108.31
dns_002_1809_005_222_255_e447	9481	1	105.47
dns_002_1809_005_256_268_e448	3545	2	564.17
dns_002_1811_006_242_268_e447	7209	4	554.86
dns_002_1812_007_31_61_e446	8137	2	245.79
dns_002_1812_007_323_324_e479	389	1	2570.69
dsr_003_1800_001_105_114_e525	4898	1	204.16
dsr_003_1800_001_129_130_e570	1308	1	764.53
dsr_003_1800_001_161_164_e636	3088	1	323.83
dsr_003_1800_001_208_208_e696	1145	1	873.36
dsr_003_1800_001_77_84_e478	6196	1	161.39
dsr_003_1800_002_581_593_e1314	8935	1	111.92
dsr_003_1800_003_301_316_e940	11579	1	86.36
dsr_003_1800_003_501_502_e1183	2236	1	447.23
dsr_003_1800_003_573_576_e1270	2699	1	370.51
dsr_003_1800_003_616_618_e1325	2065	1	484.26
dsr_003_1801_004_737_739_e1715	2042	2	979.43
gdv_001_1833_003_15_305_e20	58045	1	17.23
gdv_001_1839_009_7_170_e183	30216	2	66.19
gdv_001_1841_011_9_154_e169	25890	1	38.62
gdv_001_1852_007_9_364_e13	33778	1	29.61
gdv_001_1856_011_7_167_e11	33911	2	58.98
gdv_001_1858_013_7_212_e11	30612	1	32.67
gdv_001_1860_015_8_237_e250	22736	3	131.95
gdv_001_1867_006_8_218_e12	40217	1	24.87
gdv_001_1868_007_7_193_e202	22480	1	44.48
sbo_001_1832_000_108_110_e558	833	3	3601.44
sbo_001_1832_000_156_161_e590	1510	1	662.25
sbo_001_1832_000_182_187_e606	1679	1	595.59
sbo_001_1832_000_214_221_e622	2498	1	400.32
sbo_001_1832_000_358_372_e712	5076	1	197.01
sbo_001_1832_000_50_53_e503	924	1	1082.25
sbo_001_1832_000_86_95_e551	3162	2	632.51
skb_001_1814_000_369_384_e725	5096	1	196.23
skb_001_1814_000_427_450_e727	7534	1	132.73
skb_001_1814_000_488_499_e731	3783	2	528.68
skb_001_1814_000_78_134_e720	19072	6	314.6
skb_001_1833_000_140_159_e417	4776	4	837.52
skb_001_1833_000_176_201_e423	7043	1	141.98
skb_001_1833_000_241_270_e433	7349	5	680.36
skb_001_1833_000_24_44_e394	4822	2	414.77
skb_001_1833_000_328_354_e438	6867	7	1019.37
skb_002_1838_000_14_69_e266	14033	15	1068.91
skb_002_1838_000_154_196_e271	11164	13	1164.46
skb_002_1838_000_69_106_e267	9245	6	649
skb_002_1839_000_183_230_e316	12952	8	617.67
skb_002_1839_000_21_86_e313	16978	13	765.7
skb_002_1840_000_151_194_e560	11196	6	535.91
skb_002_1840_000_19_80_e557	15798	19	1202.68
skb_002_1840_000_300_332_e564	8111	10	1232.89
skb_002_1840_000_407_444_e567	9597	14	1458.79
skb_002_1840_000_477_509_e569	6647	1	150.44
skb_002_1840_000_81_118_e558	9602	3	312.43
skb_002_1842_000_158_201_e311	11425	15	1312.91
skb_002_1842_000_229_276_e313	11464	1	87.23
skb_002_1842_000_29_70_e308	10805	9	832.95
skb_002_1843_000_147_184_e288	10261	22	2144.04
skb_002_1843_000_25_68_e285	11704	14	1196.17
skb_002_1844_000_147_186_e290	10933	20	1829.32
skb_002_1844_000_36_73_e287	10232	21	2052.38
skb_002_1844_000_74_117_e288	11875	3	252.63
skb_003_1849_000_17_126_e556	28698	5	174.23
skb_003_1849_000_320_394_e561	20246	39	1926.31
skb_004_1850_000_105_131_e200	9761	20	2048.97
skb_004_1850_000_18_49_e197	9834	7	711.82
skb_004_1850_000_50_76_e198	8885	1	112.55
skb_004_1851_000_158_191_e274	10142	20	1972
skb_004_1851_000_25_74_e271	13441	8	595.19
skb_004_1852_000_15_43_e324	8240	8	970.87
skb_004_1852_000_84_112_e326	7830	18	2298.85
skb_004_1853_000_154_176_e344	7545	18	2385.69
skb_004_1853_000_19_58_e337	10162	6	590.43
skb_004_1855_000_12_39_e388	8278	2	241.6
skb_004_1855_000_178_194_e397	5819	16	2749.61
skb_004_1855_000_39_86_e391	11766	1	84.99
skb_004_1856_000_14_63_e527	16154	5	309.52
skb_004_1856_000_210_238_e534	7459	13	1742.86
skb_004_1856_000_63_113_e528	11781	4	339.53
skb_004_1857_000_14_80_e437	16890	8	473.65
skb_004_1857_000_239_261_e445	6055	7	1156.07
skb_004_1857_000_80_126_e438	11044	6	543.28
skb_004_1858_000_114_152_e420	9300	5	537.63
skb_004_1858_000_17_35_e417	6101	1	163.91
skb_004_1858_000_250_289_e424	11340	58	5114.64
skb_004_1858_000_36_55_e418	4451	7	1572.68
skb_004_1858_000_56_113_e419	14833	2	134.83
skb_004_1859_000_156_213_e530	14682	2	136.22
skb_004_1859_000_331_380_e534	12724	58	4558.31
skb_004_1859_000_56_85_e528	6599	2	303.08
skb_004_1859_000_86_155_e529	17681	1	56.56
skb_004_1860_000_145_186_e520	8705	1	114.88
skb_004_1860_000_280_322_e523	8256	2	242.25
skb_004_1860_000_30_64_e518	7661	3	391.59
skb_004_1860_000_323_388_e524	15356	41	2669.97
skb_004_1860_000_65_144_e519	21775	5	229.62
skb_004_1861_000_243_300_e445	14101	21	1489.26
skb_004_1861_000_34_70_e439	7594	4	526.73
skb_004_1861_000_71_82_e440	2598	2	769.82
skb_004_1861_000_83_122_e441	7677	8	1042.07
skb_004_1862_000_111_155_e501	8557	3	350.59
skb_004_1862_000_256_290_e504	6416	2	311.72
skb_004_1862_000_291_359_e505	16486	38	2304.99
skb_004_1863_000_120_173_e564	9576	5	522.14
skb_004_1863_000_306_367_e569	14968	36	2405.13
skb_004_1863_000_35_76_e562	9762	2	204.88
skb_004_1863_000_77_119_e563	9441	1	105.92
skb_004_1864_000_132_199_e658	16459	1	60.76
skb_004_1864_000_15_59_e656	20907	1	47.83
skb_004_1864_000_200_265_e659	13311	11	826.38
skb_004_1864_000_369_440_e662	14044	1	71.2
skb_004_1864_000_465_540_e664	18049	41	2271.59
skb_004_1864_000_60_131_e657	15964	8	501.13
skb_004_1865_000_104_141_e452	11600	9	775.86
skb_004_1865_000_142_185_e453	10956	9	821.47
skb_004_1865_000_52_89_e450	13154	4	304.09
skb_004_1866_000_285_336_e666	17758	27	1520.44
skb_004_1866_000_409_464_e670	16391	1	61.01
skb_004_1866_000_564_611_e676	12164	1	82.21
skb_004_1866_000_618_635_e678	5809	1	172.15
skb_004_1866_000_91_138_e659	13699	11	802.98
skb_004_1867_000_27_85_e652	9178	9	980.61
skb_004_1867_000_453_496_e666	14412	23	1595.89
skb_004_1867_000_497_522_e667	8546	1	117.01
skb_004_1867_000_523_570_e668	11325	4	353.2
skb_004_1868_000_26_96_e567	21449	10	466.22
skb_004_1868_000_321_338_e572	6259	4	639.08
skb_004_1868_000_339_382_e573	14904	16	1073.54
skb_004_1869_000_17_82_e500	18334	10	545.43
skb_004_1869_000_291_340_e505	15525	37	2383.25
skb_004_1869_000_380_393_e507	4220	1	236.97
skb_004_1869_000_83_97_e501	4648	5	1075.73
skz_001_1832_001_169_176_e267	5132	3	584.57
skz_001_1833_002_149_158_e465	8747	1	114.32
skz_001_1833_002_199_210_e471	9205	1	108.64
skz_001_1833_002_227_234_e474	7535	1	132.71
skz_001_1833_002_339_346_e488	6195	1	161.42
skz_001_1833_002_355_362_e490	6506	1	153.7
skz_001_1833_002_363_370_e491	6191	2	323.05
skz_001_1833_002_3_10_e7	6065	1	164.88
skz_001_1833_002_83_90_e458	6335	1	157.85
skz_001_1834_003_173_180_e541	6377	1	156.81
skz_001_1834_003_217_224_e546	6603	2	302.89
skz_001_1834_003_225_236_e547	10061	1	99.39
skz_001_1834_003_273_292_e552	18708	2	106.91
skz_001_1835_004_123_130_e140	7826	1	127.78
skz_001_1835_004_227_234_e255	6836	1	146.28
skz_001_1835_004_345_352_e387	7351	1	136.04
skz_001_1835_004_377_384_e423	7526	1	132.87
skz_001_1835_004_409_416_e459	8223	1	121.61
skz_001_1835_004_425_432_e477	7625	1	131.15
skz_001_1836_005_171_180_e196	7844	1	127.49
skz_001_1837_006_16_23_e480	6911	1	144.7
skz_001_1837_006_176_183_e449	7373	1	135.63
skz_001_1837_006_192_199_e451	7393	1	135.26
skz_001_1837_006_216_223_e454	7232	2	276.55
skz_001_1837_006_264_271_e460	7007	1	142.71
skz_001_1837_006_32_39_e39	7085	2	282.29
skz_001_1837_006_344_351_e470	7429	1	134.61
skz_001_1837_006_360_367_e472	7340	3	408.72
skz_001_1837_006_408_415_e478	7420	1	134.77
skz_001_1837_006_72_79_e84	8022	1	124.66
skz_001_1837_006_88_95_e102	7315	2	273.41
skz_001_1837_006_96_103_e111	7322	1	136.57
skz_001_1838_007_160_167_e183	7364	2	271.59
skz_001_1838_007_16_31_e22	14063	1	71.11
skz_001_1838_007_296_303_e336	7297	1	137.04
skz_001_1838_007_312_319_e354	7492	6	800.85
skz_001_1838_007_328_335_e372	7292	1	137.14
skz_001_1838_007_336_343_e381	7091	2	282.05
skz_001_1838_007_384_391_e435	7521	1	132.96
skz_001_1838_007_8_15_e13	7251	2	275.82
skz_001_1839_008_174_181_e200	7855	2	254.61
skz_001_1839_008_198_205_e477	7325	1	136.52
skz_001_1839_008_22_29_e29	7480	1	133.69
skz_001_1839_008_230_237_e262	6941	4	576.29
skz_001_1839_008_262_269_e298	7013	1	142.59
skz_001_1839_008_270_277_e307	7158	1	139.7
skz_001_1839_008_278_285_e316	7003	3	428.39
skz_001_1839_008_294_301_e334	7255	1	137.84
skz_001_1839_008_302_309_e478	6900	1	144.93
skz_001_1839_008_30_37_e38	7689	2	260.11
skz_001_1839_008_318_325_e464	4919	1	203.29
skz_001_1840_009_131_138_e449	7537	1	132.68
skz_001_1840_009_147_154_e451	7273	1	137.49
skz_001_1840_009_173_180_e454	7279	1	137.38
skz_001_1840_009_181_188_e455	7391	6	811.8
skz_001_1840_009_197_204_e457	6954	1	143.8
skz_001_1840_009_205_212_e458	7292	2	274.27
skz_001_1840_009_253_260_e464	7282	2	274.65
skz_001_1840_009_301_308_e470	7400	1	135.14
skz_001_1840_009_317_324_e472	7467	1	133.92
skz_001_1840_009_341_348_e475	7237	1	138.18
skz_001_1840_009_357_364_e477	7158	1	139.7
skz_001_1840_009_373_380_e479	7221	1	138.48
skz_001_1840_009_381_388_e480	6742	1	148.32
skz_001_1840_009_9_16_e434	6921	1	144.49
skz_001_1841_010_120_127_e445	7470	1	133.87
skz_001_1841_010_16_23_e432	7251	1	137.91
skz_001_1841_010_184_191_e453	6996	1	142.94
skz_001_1841_010_200_207_e455	7254	1	137.85
skz_001_1841_010_208_215_e456	7307	2	273.71
skz_001_1841_010_298_305_e467	7402	1	135.1
skz_001_1841_010_338_345_e472	7344	1	136.17
skz_001_1842_011_145_152_e455	7464	1	133.98
skz_001_1842_011_209_216_e463	7092	1	141
skz_001_1842_011_249_256_e468	7070	1	141.44
skz_001_1842_011_257_264_e469	6892	2	290.19
skz_001_1842_011_25_32_e440	7321	1	136.59
skz_001_1842_011_265_272_e470	6674	1	149.84
skz_001_1842_011_297_304_e474	7406	2	270.05
skz_001_1842_011_337_344_e479	7004	1	142.78
skz_001_1842_011_361_368_e482	7114	1	140.57
skz_001_1842_011_369_376_e483	7017	1	142.51
skz_001_1842_011_409_416_e488	6916	1	144.59
skz_001_1842_011_41_48_e442	7035	5	710.73
skz_001_1842_011_9_16_e14	7429	1	134.61
skz_001_1843_012_104_111_e441	7314	2	273.45
skz_001_1843_012_120_127_e443	7136	1	140.13
skz_001_1843_012_144_151_e446	6857	3	437.51
skz_001_1843_012_160_167_e448	7089	1	141.06
skz_001_1843_012_168_175_e449	6751	1	148.13
skz_001_1843_012_232_239_e457	6887	1	145.2
skz_001_1843_012_240_247_e480	7124	1	140.37
skz_001_1843_012_272_279_e461	7255	1	137.84
skz_001_1843_012_280_287_e462	6843	1	146.13
skz_001_1843_012_336_343_e469	6779	1	147.51
skz_001_1843_012_368_375_e473	7453	3	402.52
skz_001_1843_012_376_383_e474	7068	1	141.48
skz_001_1843_012_384_391_e475	7258	1	137.78
skz_001_1843_012_400_407_e477	7540	2	265.25
skz_001_1843_012_416_423_e479	6885	1	145.24
skz_001_1843_012_48_55_e434	7358	1	135.91
skz_001_1844_013_101_108_e118	7089	1	141.06
skz_001_1844_013_125_132_e145	7141	2	280.07
skz_001_1844_013_133_140_e154	6830	1	146.41
skz_001_1844_013_141_148_e163	7413	1	134.9
skz_001_1844_013_165_172_e190	6990	1	143.06
skz_001_1844_013_189_196_e217	7866	1	127.13
skz_001_1844_013_213_220_e244	6896	1	145.01
skz_001_1844_013_221_228_e253	7012	1	142.61
skz_001_1844_013_277_284_e316	7495	1	133.42
skz_001_1844_013_293_300_e334	6863	1	145.71
skz_001_1844_013_309_316_e352	7462	3	402.04
skz_001_1844_013_357_364_e406	7575	2	264.03
skz_001_1844_013_397_404_e475	6743	1	148.3
skz_001_1844_013_61_68_e73	7024	1	142.37
skz_001_1844_013_69_76_e82	7126	1	140.33
skz_001_1845_014_101_108_e118	7194	1	139
skz_001_1845_014_121_132_e141	10636	1	94.02
skz_001_1845_014_13_20_e19	6845	1	146.09
skz_001_1845_014_181_196_e199	14107	1	70.89
skz_001_1845_014_205_212_e225	7084	1	141.16
skz_001_1845_014_269_276_e297	6370	1	156.99
skz_001_1845_014_277_284_e306	7428	1	134.63
skz_001_1845_014_309_316_e342	7100	4	563.38
skz_001_1845_014_317_324_e351	7263	1	137.68
skz_001_1845_014_405_412_e449	4378	1	228.41
skz_001_1845_014_413_420_e458	7077	1	141.3
skz_001_1845_014_5_12_e10	6937	1	144.15
skz_001_1845_014_93_100_e109	7195	2	277.97
skz_001_1846_015_13_24_e19	11680	1	85.62
skz_001_1846_015_151_158_e173	7150	1	139.86
skz_001_1846_015_167_174_e191	7301	1	136.97
skz_001_1846_015_175_182_e200	6761	1	147.91
skz_001_1846_015_215_222_e245	6822	1	146.58
skz_001_1846_015_223_230_e254	6845	1	146.09
skz_001_1846_015_239_246_e272	7360	1	135.87
skz_001_1846_015_247_254_e281	7494	2	266.88
skz_001_1846_015_255_262_e290	6925	1	144.4
skz_001_1846_015_279_286_e317	6734	2	297
skz_001_1846_015_287_294_e326	6903	1	144.86
skz_001_1846_015_295_302_e335	7011	3	427.9
skz_001_1846_015_319_326_e362	7043	1	141.98
skz_001_1846_015_335_342_e380	6867	1	145.62
skz_001_1846_015_351_358_e398	7112	1	140.61
skz_001_1846_015_359_366_e407	7004	1	142.78
skz_001_1846_015_37_44_e45	7259	2	275.52
skz_001_1846_015_5_12_e10	6968	1	143.51
skz_001_1847_016_170_177_e415	6697	2	298.64
skz_001_1847_016_186_193_e391	6958	1	143.72
skz_001_1847_016_18_25_e372	7381	2	270.97
skz_001_1847_016_202_209_e393	7162	1	139.63
skz_001_1847_016_226_233_e396	7223	2	276.89
skz_001_1847_016_234_241_e397	7100	1	140.85
skz_001_1847_016_260_267_e400	6956	1	143.76
skz_001_1847_016_276_283_e402	7088	1	141.08
skz_001_1847_016_292_298_e405	5549	1	180.21
skz_001_1847_016_299_307_e406	6934	1	144.22
skz_001_1847_016_332_339_e410	6148	3	487.96
skz_001_1847_016_58_65_e377	6970	1	143.47
skz_001_1847_016_90_97_e416	7033	3	426.56
skz_002_1850_002_124_131_e442	7408	1	134.99
skz_002_1850_002_12_19_e428	7039	1	142.07
skz_002_1850_002_156_163_e446	7436	1	134.48
skz_002_1850_002_20_27_e429	7104	1	140.77
skz_002_1850_002_214_221_e453	6835	1	146.31
skz_002_1850_002_270_277_e460	6900	3	434.78
skz_002_1850_002_278_285_e461	6186	4	646.62
skz_002_1850_002_286_293_e462	7674	1	130.31
skz_002_1850_002_342_349_e469	6914	1	144.63
skz_002_1850_002_350_357_e470	6412	1	155.96
skz_002_1850_002_374_381_e473	6933	1	144.24
skz_002_1850_002_382_389_e474	6953	1	143.82
skz_002_1850_002_4_11_e427	6991	2	286.08
skz_002_1850_002_52_59_e433	7007	1	142.71
skz_002_1850_002_84_91_e437	6779	2	295.03
skz_002_1850_002_92_99_e438	7776	1	128.6
skz_002_1851_003_116_123_e135	7295	2	274.16
skz_002_1851_003_140_147_e162	7112	1	140.61
skz_002_1851_003_164_171_e189	7459	1	134.07
skz_002_1851_003_20_27_e27	6786	1	147.36
skz_002_1851_003_244_251_e279	7706	1	129.77
skz_002_1851_003_260_267_e297	6852	1	145.94
skz_002_1851_003_268_275_e306	6987	2	286.25
skz_002_1851_003_300_307_e342	6693	1	149.41
skz_002_1851_003_316_323_e360	7228	2	276.7
skz_002_1851_003_356_363_e405	6913	1	144.65
skz_002_1851_003_380_387_e432	7207	1	138.75
skz_002_1851_003_396_405_e450	9268	2	215.8
skz_002_1851_003_406_413_e461	6201	1	161.26
skz_002_1851_003_414_421_e470	6877	3	436.24
skz_002_1851_003_44_51_e54	6714	1	148.94
skz_002_1851_003_52_59_e63	6800	1	147.06
skz_002_1851_003_60_67_e72	7167	2	279.06
skz_002_1851_003_68_75_e81	6994	1	142.98
skz_002_1851_003_84_91_e99	7155	3	419.29
skz_002_1852_005_101_108_e438	6477	2	308.78
skz_002_1852_005_117_124_e440	6480	1	154.32
skz_002_1852_005_13_20_e427	7129	2	280.54
skz_002_1852_005_149_156_e444	1793	1	557.72
skz_002_1852_005_165_172_e446	6996	2	285.88
skz_002_1852_005_173_180_e447	6637	2	301.34
skz_002_1852_005_181_188_e448	3755	1	266.31
skz_002_1852_005_189_196_e449	7107	1	140.71
skz_002_1852_005_213_220_e452	7427	1	134.64
skz_002_1852_005_221_228_e453	7239	2	276.28
skz_002_1852_005_261_268_e458	7185	1	139.18
skz_002_1852_005_269_276_e459	7047	3	425.71
skz_002_1852_005_301_308_e463	6952	1	143.84
skz_002_1852_005_309_316_e464	6769	1	147.73
skz_002_1852_005_341_348_e468	7538	1	132.66
skz_002_1852_005_37_44_e430	6599	3	454.61
skz_002_1852_005_45_52_e431	7663	1	130.5
skz_002_1852_005_53_60_e432	7083	3	423.55
skz_002_1852_005_77_84_e435	7090	1	141.04
skz_003_1853_006_108_115_e446	6905	1	144.82
skz_003_1853_006_140_147_e450	6680	1	149.7
skz_003_1853_006_190_197_e456	6691	1	149.45
skz_003_1853_006_246_253_e463	6960	1	143.68
skz_003_1853_006_270_277_e466	7016	3	427.59
skz_003_1854_007_100_107_e117	5354	2	373.55
skz_003_1854_007_140_147_e162	6766	2	295.6
skz_003_1854_007_20_27_e27	6776	2	295.16
skz_003_1854_007_212_219_e243	6853	1	145.92
skz_003_1854_007_236_243_e270	6998	1	142.9
skz_003_1854_007_252_259_e288	7004	1	142.78
skz_003_1854_007_348_355_e396	6822	1	146.58
skz_003_1854_007_364_371_e414	6859	1	145.79
skz_004_1855_000_106_113_e462	4172	1	239.69
skz_004_1855_000_114_121_e463	4399	2	454.65
skz_004_1855_000_12_19_e18	4408	1	226.86
skz_004_1855_000_138_145_e466	6545	1	152.79
skz_004_1855_000_178_187_e471	6178	1	161.86
skz_004_1855_000_196_205_e473	9329	1	107.19
skz_004_1855_000_206_213_e474	5796	1	172.53
skz_004_1855_000_20_27_e27	6167	1	162.15
skz_004_1855_000_222_229_e476	7772	4	514.67
skz_004_1855_000_230_239_e477	5263	1	190.01
skz_004_1855_000_240_249_e478	9708	1	103.01
skz_004_1855_000_28_37_e36	5888	3	509.51
skz_004_1855_000_290_297_e484	3845	1	260.08
skz_004_1855_000_306_313_e486	7704	2	259.61
skz_004_1855_000_54_61_e65	4679	2	427.44
skz_004_1855_000_78_85_e92	4087	4	978.71
skz_004_1856_000_111_118_e495	4409	2	453.62
skz_004_1856_000_129_136_e497	4636	1	215.7
skz_004_1856_000_15_22_e484	4429	3	677.35
skz_004_1856_000_163_172_e501	6856	2	291.72
skz_004_1856_000_173_180_e502	4495	1	222.47
skz_004_1856_000_199_210_e505	7981	1	125.3
skz_004_1856_000_241_250_e509	8285	2	241.4
skz_004_1856_000_251_258_e510	4510	2	443.46
skz_004_1856_000_329_336_e519	7836	4	510.46
skz_004_1856_000_357_364_e522	7869	1	127.08
skz_004_1856_000_373_380_e524	4417	1	226.4
skz_004_1856_000_389_400_e526	7193	2	278.05
skz_004_1856_000_411_420_e528	6382	1	156.69
skz_004_1856_000_429_438_e530	6205	1	161.16
skz_004_1856_000_439_446_e531	3744	1	267.09
skz_004_1856_000_447_460_e532	12944	1	77.26
skz_004_1856_000_469_476_e534	6476	1	154.42
skz_004_1856_000_49_58_e488	6430	1	155.52
skz_004_1856_000_7_14_e483	4151	1	240.91
skz_004_1857_000_166_173_e190	3793	1	263.64
skz_004_1857_000_182_189_e208	8418	1	118.79
skz_004_1857_000_20_27_e27	4569	1	218.87
skz_004_1857_000_222_229_e253	8112	2	246.55
skz_004_1857_000_286_293_e325	3502	1	285.55
skz_004_1857_000_354_367_e401	9758	2	204.96
skz_004_1857_000_372_379_e421	8032	3	373.51
skz_004_1857_000_388_395_e439	4257	1	234.91
skz_004_1857_000_396_405_e499	6248	1	160.05
skz_004_1857_000_96_107_e112	7902	2	253.1
skz_004_1858_000_217_228_e511	8570	2	233.37
skz_004_1858_000_237_246_e513	9933	5	503.37
skz_004_1858_000_345_352_e526	4493	1	222.57
skz_004_1858_000_377_388_e530	9492	1	105.35
skz_004_1858_000_4_11_e9	4395	2	455.06
skz_004_1859_000_173_178_e587	5066	1	197.39
skz_004_1859_000_193_198_e591	5297	1	188.79
skz_004_1859_000_229_232_e598	3413	2	585.99
skz_004_1859_000_301_304_e612	3372	1	296.56
skz_004_1859_000_305_310_e613	5063	2	395.02
skz_004_1859_000_315_318_e615	3543	2	564.49
skz_004_1859_000_361_366_e624	5237	4	763.8
skz_004_1859_000_367_370_e625	3355	1	298.06
skz_004_1859_000_37_40_e560	3309	2	604.41
skz_004_1859_000_441_446_e640	5345	1	187.09
skz_004_1859_000_467_470_e645	3386	1	295.33
skz_004_1859_000_87_90_e570	3779	1	264.62
skz_004_1860_000_229_232_e283	2252	1	444.05
skz_004_1860_000_259_262_e558	4385	2	456.1
skz_004_1860_000_267_270_e560	3422	1	292.23
skz_004_1860_000_277_282_e562	6169	3	486.3
skz_004_1860_000_305_310_e568	4382	1	228.21
skz_004_1860_000_33_36_e44	4383	1	228.15
skz_004_1860_000_371_374_e581	4464	1	224.01
skz_004_1860_000_403_408_e587	3562	2	561.48
skz_004_1860_000_419_422_e590	4285	1	233.37
skz_004_1860_000_427_430_e592	3037	1	329.27
skz_004_1860_000_451_456_e597	3229	1	309.69
skz_004_1860_000_89_92_e112	4464	1	224.01
skz_004_1860_000_99_104_e124	5665	1	176.52
skz_004_1861_000_131_134_e165	3311	2	604.05
skz_004_1861_000_139_144_e175	5731	1	174.49
skz_004_1861_000_191_194_e402	3550	1	281.69
skz_004_1861_000_223_226_e409	3573	1	279.88
skz_004_1861_000_307_310_e429	4087	1	244.68
skz_004_1861_000_319_322_e432	3690	1	271
skz_004_1861_000_47_50_e61	4131	2	484.14
skz_004_1861_000_77_80_e98	3619	1	276.32
skz_004_1861_000_81_84_e103	3711	1	269.47
skz_004_1862_000_107_110_e487	3015	2	663.35
skz_004_1862_000_125_128_e491	4148	1	241.08
skz_004_1862_000_251_254_e521	2132	1	469.04
skz_004_1862_000_361_366_e547	5630	1	177.62
skz_004_1862_000_367_370_e548	1884	3	1592.36
skz_004_1863_000_101_108_e450	8242	3	363.99
skz_004_1863_000_109_116_e451	7915	1	126.34
skz_004_1863_000_125_132_e453	8041	1	124.36
skz_004_1863_000_149_156_e456	8323	2	240.3
skz_004_1863_000_197_204_e462	8443	1	118.44
skz_004_1863_000_245_252_e468	8524	3	351.95
skz_004_1863_000_253_260_e469	8314	1	120.28
skz_004_1863_000_261_268_e470	8722	1	114.65
skz_004_1863_000_269_276_e471	8410	2	237.81
skz_004_1863_000_285_292_e473	8538	3	351.37
skz_004_1863_000_365_372_e483	9148	4	437.25
skz_004_1863_000_37_44_e442	9254	1	108.06
skz_004_1863_000_381_388_e485	7508	1	133.19
skz_004_1863_000_413_420_e489	8305	1	120.41
skz_004_1863_000_85_92_e448	8186	2	244.32
skz_004_1864_000_105_112_e123	8310	1	120.34
skz_004_1864_000_129_136_e150	8833	1	113.21
skz_004_1864_000_145_152_e168	8394	1	119.13
skz_004_1864_000_177_184_e204	8913	1	112.2
skz_004_1864_000_217_224_e249	8772	1	114
skz_004_1864_000_233_240_e467	7234	2	276.47
skz_004_1864_000_257_264_e470	7835	1	127.63
skz_004_1864_000_289_296_e474	7192	2	278.09
skz_004_1864_000_297_304_e475	5252	1	190.4
skz_004_1864_000_329_336_e479	7260	1	137.74
skz_004_1864_000_337_344_e480	7010	1	142.65
skz_004_1864_000_345_352_e481	7155	1	139.76
skz_004_1864_000_361_368_e483	7147	1	139.92
skz_004_1864_000_5_12_e10	8306	2	240.79
skz_004_1864_000_65_72_e78	8347	1	119.8
skz_004_1864_000_73_80_e87	7313	1	136.74
skz_004_1864_000_97_104_e114	8262	1	121.04
skz_004_1865_000_128_135_e147	8300	2	240.96
skz_004_1865_000_144_151_e459	8637	1	115.78
skz_004_1865_000_160_167_e461	7925	2	252.37
skz_004_1865_000_168_175_e462	8095	1	123.53
skz_004_1865_000_184_191_e464	7864	1	127.16
skz_004_1865_000_208_217_e467	10288	1	97.2
skz_004_1865_000_218_225_e468	8091	3	370.78
skz_004_1865_000_234_241_e470	8331	1	120.03
skz_004_1865_000_258_265_e473	9274	1	107.83
skz_004_1865_000_274_281_e475	8330	1	120.05
skz_004_1865_000_282_289_e476	8207	1	121.85
skz_004_1865_000_290_297_e477	8141	1	122.84
skz_004_1865_000_314_321_e480	8382	1	119.3
skz_004_1865_000_338_347_e483	11155	1	89.65
skz_004_1865_000_390_397_e489	7976	3	376.13
skz_004_1865_000_406_413_e491	7897	2	253.26
skz_004_1865_000_58_67_e69	10863	1	92.06
skz_004_1866_000_143_150_e164	7871	1	127.05
skz_004_1866_000_167_174_e471	7590	1	131.75
skz_004_1866_000_217_224_e477	8232	1	121.48
skz_004_1866_000_241_248_e480	7974	3	376.22
skz_004_1866_000_273_280_e484	7961	2	251.22
skz_004_1866_000_289_296_e486	8481	2	235.82
skz_004_1866_000_297_304_e487	6940	1	144.09
skz_004_1866_000_305_312_e488	7991	1	125.14
skz_004_1866_000_313_320_e489	8233	1	121.46
skz_004_1866_000_321_330_e490	9864	1	101.38
skz_004_1866_000_339_346_e492	2060	1	485.44
skz_004_1866_000_363_370_e495	7382	3	406.39
skz_004_1866_000_5_12_e10	8200	1	121.95
skz_004_1867_000_13_24_e19	12283	1	81.41
skz_004_1867_000_183_192_e208	10733	1	93.17
skz_004_1867_000_219_226_e248	8296	1	120.54
skz_004_1867_000_255_266_e288	13214	1	75.68
skz_004_1867_000_277_286_e312	10347	1	96.65
skz_004_1867_000_297_304_e334	7899	2	253.2
skz_004_1867_000_331_338_e372	8130	1	123
skz_004_1867_000_33_40_e41	7512	3	399.36
skz_004_1867_000_375_382_e421	8038	1	124.41
skz_004_1867_000_437_446_e490	10621	3	282.46
skz_004_1868_000_112_119_e129	8208	1	121.83
skz_004_1868_000_128_135_e494	7917	1	126.31
skz_004_1868_000_188_195_e501	7209	1	138.72
skz_004_1868_000_212_223_e504	10494	3	285.88
skz_004_1868_000_292_307_e513	14939	1	66.94
skz_004_1868_000_30_37_e38	7730	3	388.1
skz_004_1868_000_376_383_e521	7203	1	138.83
skz_004_1868_000_384_393_e522	10612	2	188.47
skz_004_1868_000_394_401_e523	7085	8	1129.15
skz_004_1868_000_402_409_e524	6636	4	602.77
skz_004_1868_000_410_417_e525	8453	3	354.9
skz_004_1868_000_88_95_e102	6170	1	162.07
skz_004_1869_000_186_193_e509	8127	1	123.05
skz_004_1869_000_294_301_e523	8672	2	230.63
skz_004_1869_000_302_309_e524	7826	1	127.78
skz_004_1869_000_318_331_e526	13794	1	72.5
skz_004_1869_000_342_349_e528	7841	5	637.67
skz_004_1869_000_358_365_e530	9476	1	105.53
skz_004_1869_000_374_381_e532	9288	1	107.67
skz_004_1869_000_416_423_e537	8228	1	121.54
skz_004_1869_000_6_15_e491	11216	2	178.32
skz_004_1870_000_101_112_e115	14289	1	69.98
skz_004_1870_000_183_194_e205	12832	2	155.86
skz_004_1870_000_235_242_e262	8126	1	123.06
skz_004_1870_000_275_286_e306	13101	4	305.32
skz_004_1870_000_307_318_e341	14602	2	136.97
skz_004_1870_000_339_346_e376	9157	1	109.21
skz_004_1870_000_379_394_e421	16639	2	120.2
skz_004_1870_000_395_402_e438	8210	1	121.8
skz_004_1870_000_413_428_e458	14979	1	66.76
skz_004_1870_000_504_515_e557	11195	1	89.33
skz_004_1870_000_85_100_e98	11089	1	90.18
slz_001_1856_001_110_144_e7	13481	29	2151.18
slz_001_1856_001_145_178_e8	13734	14	1019.37
slz_001_1856_001_179_211_e9	13238	3	226.62
slz_001_1856_001_212_245_e10	13210	2	151.4
slz_001_1856_001_279_311_e12	12699	6	472.48
slz_001_1856_001_312_344_e13	11218	5	445.71
slz_001_1856_001_379_413_e15	12077	4	331.21
slz_001_1856_001_43_75_e5	13653	1	73.24
slz_001_1856_001_5_42_e4	17428	15	860.68
slz_001_1856_001_76_109_e6	14248	7	491.3
slz_001_1857_002_109_140_e7	14411	11	763.31
slz_001_1857_002_141_196_e8	24110	35	1451.68
slz_001_1857_002_197_260_e9	27831	31	1113.87
slz_001_1857_002_261_292_e10	14554	3	206.13
slz_001_1857_002_293_324_e11	14964	9	601.44
slz_001_1857_002_325_356_e12	13246	5	377.47
slz_001_1857_002_357_388_e13	14169	26	1834.99
slz_001_1857_002_45_76_e5	14328	15	1046.9
slz_001_1857_002_5_44_e4	10831	1	92.33
slz_001_1857_002_77_108_e6	14697	4	272.16
slz_001_1858_003_145_208_e7	29451	2	67.91
slz_001_1858_003_209_240_e8	6806	3	440.79
slz_001_1858_003_241_304_e9	27345	52	1901.63
slz_001_1858_003_305_344_e10	17454	4	229.17
slz_001_1858_003_37_84_e5	21733	2	92.03
slz_001_1858_003_5_36_e4	6845	5	730.46
slz_001_1858_003_85_144_e6	27693	5	180.55
slz_001_1859_004_133_164_e7	14733	4	271.5
slz_001_1859_004_197_228_e9	15263	2	131.04
slz_001_1859_004_229_260_e10	15165	2	131.88
slz_001_1859_004_293_388_e12	40772	65	1594.23
slz_001_1859_004_37_68_e5	15513	25	1611.55
slz_001_1859_004_5_36_e4	14072	5	355.32
slz_001_1859_004_69_132_e6	23655	1	42.27
slz_001_1860_005_334_367_e9	6425	3	466.93
slz_001_1860_005_368_403_e10	14836	1	67.4
slz_001_1861_006_109_142_e6	9034	4	442.77
slz_001_1861_006_143_176_e7	9710	1	102.99
slz_001_1861_006_211_244_e9	2291	2	872.98
slz_001_1861_006_245_278_e10	9550	1	104.71
slz_001_1861_006_279_312_e11	9299	1	107.54
slz_001_1861_006_75_108_e5	9820	2	203.67
slz_002_1862_007_137_140_e32	4224	1	236.74
slz_002_1862_007_13_16_e6	4128	2	484.5
slz_002_1862_007_21_24_e8	798	2	2506.27
slz_002_1862_007_41_44_e13	4236	1	236.07
slz_002_1862_007_89_92_e24	4179	1	239.29
slz_002_1862_007_9_12_e5	4341	1	230.36
slz_002_1863_008_101_104_e28	5463	1	183.05
slz_002_1863_008_109_112_e30	5312	3	564.76
slz_002_1863_008_137_140_e37	5036	1	198.57
slz_002_1863_008_149_152_e40	607	1	1647.45
slz_002_1863_008_153_156_e41	5085	4	786.63
slz_002_1863_008_157_160_e42	4896	10	2042.48
slz_002_1863_008_176_179_e46	4468	2	447.63
slz_002_1863_008_17_20_e7	5348	1	186.99
slz_002_1863_008_25_28_e9	5370	11	2048.42
slz_002_1863_008_5_8_e4	5256	4	761.04
slz_002_1863_008_61_64_e18	5383	2	371.54
slz_002_1864_009_105_108_e29	4838	5	1033.48
slz_002_1864_009_109_112_e30	3729	3	804.51
slz_002_1864_009_113_116_e31	5036	5	992.85
slz_002_1864_009_117_120_e32	5076	7	1379.04
slz_002_1864_009_129_132_e35	5139	6	1167.54
slz_002_1864_009_141_144_e38	5273	3	568.94
slz_002_1864_009_157_160_e42	5227	5	956.57
slz_002_1864_009_161_164_e43	5261	2	380.16
slz_002_1864_009_165_168_e44	5012	2	399.04
slz_002_1864_009_17_20_e7	5198	6	1154.29
slz_002_1864_009_181_184_e48	5078	1	196.93
slz_002_1864_009_185_188_e49	5544	3	541.13
slz_002_1864_009_193_196_e51	5017	1	199.32
slz_002_1864_009_197_200_e52	4845	8	1651.19
slz_002_1864_009_205_208_e54	1946	1	513.87
slz_002_1864_009_209_212_e55	4042	5	1237.01
slz_002_1864_009_21_24_e8	5181	1	193.01
slz_002_1864_009_29_32_e10	5170	5	967.12
slz_002_1864_009_37_40_e12	4930	10	2028.4
slz_002_1864_009_53_56_e16	5535	2	361.34
slz_002_1864_009_5_8_e4	5051	2	395.96
slz_002_1864_009_61_64_e18	5066	1	197.39
slz_002_1864_009_65_68_e19	5133	1	194.82
slz_002_1864_009_69_72_e20	5259	6	1140.9
slz_002_1864_009_73_76_e21	4784	1	209.03
slz_002_1864_009_81_84_e23	4587	4	872.03
slz_002_1864_009_85_88_e24	5107	6	1174.86
slz_002_1864_009_89_92_e25	2331	3	1287
slz_002_1864_009_93_96_e26	5381	12	2230.07
slz_002_1864_009_97_100_e27	5534	2	361.4
slz_002_1864_009_9_12_e5	4824	1	207.3
slz_002_1865_010_127_134_e19	3467	1	288.43
slz_002_1865_010_135_142_e20	3736	4	1070.66
slz_002_1865_010_143_150_e21	3388	1	295.16
slz_002_1865_010_151_158_e22	3531	3	849.62
slz_002_1865_010_167_174_e24	3624	5	1379.69
slz_002_1865_010_175_182_e25	4635	1	215.75
slz_002_1865_010_206_213_e29	3546	2	564.02
slz_002_1865_010_222_229_e31	3188	2	627.35
slz_002_1865_010_23_30_e6	3008	1	332.45
slz_002_1865_010_254_261_e35	3617	1	276.47
slz_002_1865_010_278_285_e38	3301	1	302.94
slz_002_1865_010_318_325_e43	3756	1	266.24
slz_002_1865_010_342_349_e46	3764	1	265.67
slz_002_1865_010_350_357_e47	3977	1	251.45
slz_002_1865_010_366_373_e49	4421	1	226.19
slz_002_1865_010_39_46_e8	3507	1	285.14
slz_002_1865_010_47_54_e9	3941	2	507.49
slz_002_1865_010_63_70_e11	4359	1	229.41
slz_002_1866_011_113_120_e17	5774	1	173.19
slz_002_1866_011_129_136_e19	5647	9	1593.77
slz_002_1866_011_145_152_e21	5400	2	370.37
slz_002_1866_011_153_160_e22	5537	2	361.21
slz_002_1866_011_161_168_e23	5474	1	182.68
slz_002_1866_011_169_176_e24	5552	3	540.35
slz_002_1866_011_17_24_e5	5372	2	372.3
slz_002_1866_011_201_208_e28	5438	5	919.46
slz_002_1866_011_209_216_e29	5472	4	730.99
slz_002_1866_011_217_224_e30	5745	12	2088.77
slz_002_1866_011_225_232_e31	5466	4	731.8
slz_002_1866_011_241_248_e33	5758	13	2257.73
slz_002_1866_011_257_264_e35	5859	10	1706.78
slz_002_1866_011_25_32_e6	5743	4	696.5
slz_002_1866_011_265_272_e36	5738	22	3834.09
slz_002_1866_011_273_280_e37	5448	1	183.55
slz_002_1866_011_297_304_e40	5546	1	180.31
slz_002_1866_011_329_336_e44	5757	1	173.7
slz_002_1866_011_337_344_e45	5403	2	370.16
slz_002_1866_011_345_352_e46	5861	1	170.62
slz_002_1866_011_361_368_e48	5677	13	2289.94
slz_002_1866_011_377_384_e50	5743	16	2786
slz_002_1866_011_385_392_e51	5717	6	1049.5
slz_002_1866_011_49_56_e9	5563	1	179.76
slz_002_1866_011_73_80_e12	5932	3	505.73
slz_002_1866_011_89_96_e14	5909	9	1523.1
slz_002_1866_011_97_104_e15	5795	2	345.13
slz_002_1867_012_113_120_e17	5718	1	174.89
slz_002_1867_012_123_130_e18	5900	1	169.49
slz_002_1867_012_139_146_e20	6158	1	162.39
slz_002_1867_012_147_154_e21	5482	10	1824.15
slz_002_1867_012_155_162_e22	5763	3	520.56
slz_002_1867_012_15_22_e5	5498	3	545.65
slz_002_1867_012_179_186_e25	5715	2	349.96
slz_002_1867_012_187_194_e26	6004	6	999.33
slz_002_1867_012_203_210_e28	5975	1	167.36
slz_002_1867_012_211_218_e29	6264	10	1596.42
slz_002_1867_012_219_226_e30	5838	3	513.87
slz_002_1867_012_235_242_e32	5846	3	513.17
slz_002_1867_012_251_258_e34	5272	10	1896.81
slz_002_1867_012_259_266_e35	5849	4	683.88
slz_002_1867_012_275_282_e37	5743	4	696.5
slz_002_1867_012_283_290_e38	5799	1	172.44
slz_002_1867_012_307_314_e41	5689	1	175.78
slz_002_1867_012_315_322_e42	5629	14	2487.12
slz_002_1867_012_31_38_e7	6093	2	328.25
slz_002_1867_012_323_330_e43	5666	2	352.98
slz_002_1867_012_347_354_e46	5922	1	168.86
slz_002_1867_012_39_46_e8	5364	1	186.43
slz_002_1867_012_47_54_e9	5829	1	171.56
slz_002_1867_012_71_78_e12	5922	2	337.72
slz_002_1867_012_89_96_e14	6174	3	485.91
slz_002_1867_012_97_104_e15	5586	1	179.02
slz_002_1868_013_113_120_e17	5827	1	171.61
slz_002_1868_013_129_136_e19	5912	9	1522.33
slz_002_1868_013_137_144_e20	5745	7	1218.45
slz_002_1868_013_145_152_e21	6027	1	165.92
slz_002_1868_013_153_160_e22	5956	1	167.9
slz_002_1868_013_177_184_e25	5782	1	172.95
slz_002_1868_013_201_208_e28	5923	4	675.33
slz_002_1868_013_209_216_e29	5544	12	2164.5
slz_002_1868_013_217_224_e30	5624	6	1066.86
slz_002_1868_013_233_240_e32	5790	2	345.42
slz_002_1868_013_25_32_e6	5638	10	1773.68
slz_002_1868_013_281_288_e38	6051	3	495.79
slz_002_1868_013_289_296_e39	5854	2	341.65
slz_002_1868_013_305_312_e41	5832	1	171.47
slz_002_1868_013_321_328_e43	5911	2	338.35
slz_002_1868_013_337_344_e45	5775	5	865.8
slz_002_1868_013_33_40_e7	5954	1	167.95
slz_002_1868_013_345_352_e46	6464	42	6497.52
slz_002_1868_013_361_368_e48	5889	1	169.81
slz_002_1868_013_377_384_e50	5803	4	689.3
slz_002_1868_013_385_392_e51	6214	1	160.93
slz_002_1868_013_409_416_e54	5778	1	173.07
slz_002_1868_013_417_418_e55	1331	1	751.31
slz_002_1868_013_41_48_e8	5735	1	174.37
slz_002_1868_013_73_80_e12	5767	1	173.4
slz_002_1868_013_89_96_e14	5441	2	367.58
slz_002_1869_014_107_116_e16	5957	1	167.87
slz_002_1869_014_157_164_e22	6004	1	166.56
slz_002_1869_014_165_172_e23	5750	1	173.91
slz_002_1869_014_197_204_e27	5539	2	361.08
slz_002_1869_014_19_26_e5	5387	6	1113.79
slz_002_1869_014_261_268_e35	5517	1	181.26
slz_002_1869_014_277_284_e37	5568	1	179.6
slz_002_1869_014_27_34_e6	5323	3	563.59
slz_002_1869_014_293_300_e39	5604	2	356.89
slz_002_1869_014_301_308_e40	6004	1	166.56
slz_002_1869_014_309_316_e41	4930	6	1217.04
slz_002_1869_014_325_332_e43	5768	1	173.37
slz_002_1869_014_333_340_e44	5189	6	1156.29
slz_002_1869_014_362_369_e47	4322	1	231.37
slz_002_1869_014_43_50_e8	5796	3	517.6
slz_002_1869_014_59_66_e10	5637	2	354.8
slz_002_1869_014_67_74_e11	5731	1	174.49
slz_002_1869_014_91_98_e14	5770	1	173.31
slz_002_1870_015_115_122_e17	5771	1	173.28
slz_002_1870_015_123_130_e18	5647	1	177.09
slz_002_1870_015_141_148_e20	5726	8	1397.14
slz_002_1870_015_151_158_e21	4841	6	1239.41
slz_002_1870_015_161_168_e22	6044	2	330.91
slz_002_1870_015_169_176_e23	5904	4	677.51
slz_002_1870_015_177_184_e24	5616	4	712.25
slz_002_1870_015_185_192_e25	5933	1	168.55
slz_002_1870_015_209_216_e28	6052	8	1321.88
slz_002_1870_015_217_224_e29	5775	1	173.16
slz_002_1870_015_225_232_e30	5933	2	337.1
slz_002_1870_015_241_248_e32	5664	12	2118.64
slz_002_1870_015_24_31_e6	5094	1	196.31
slz_002_1870_015_257_264_e34	5882	1	170.01
slz_002_1870_015_265_272_e35	6104	1	163.83
slz_002_1870_015_281_288_e37	6104	4	655.31
slz_002_1870_015_289_296_e38	5608	26	4636.23
slz_002_1870_015_297_304_e39	5972	1	167.45
slz_002_1870_015_305_312_e40	5914	15	2536.35
slz_002_1870_015_321_328_e42	5771	6	1039.68
slz_002_1870_015_32_39_e7	5172	1	193.35
slz_002_1870_015_403_410_e52	6162	3	486.85
slz_002_1870_015_413_420_e53	5686	1	175.87
slz_002_1870_015_431_438_e55	5730	1	174.52
slz_002_1870_015_48_55_e9	5152	8	1552.8
slz_002_1870_015_57_64_e10	5897	3	508.73
slz_002_1870_015_65_72_e11	5768	2	346.74
slz_002_1870_015_8_15_e4	5289	1	189.07
slz_002_1870_015_97_104_e15	5720	1	174.83
syn_001_1835_000_10_15_e78	2010	1	497.51
syn_001_1835_000_54_70_e94	6589	7	1062.38
syn_001_1836_000_48_64_e93	7124	33	4632.23
syn_001_1836_000_65_75_e98	4179	1	239.29
syn_001_1837_000_49_82_e115	13519	19	1405.43
syn_001_1838_000_10_24_e139	4526	7	1546.62
syn_001_1838_000_51_85_e157	12140	1	82.37
syn_001_1839_000_70_130_e174	19371	16	825.98
syn_001_1847_000_100_154_e248	17005	16	940.9
syn_001_1847_000_176_199_e334	13619	2	146.85
syn_001_1847_000_28_39_e231	3046	1	328.3
syn_001_1847_000_40_82_e232	14434	16	1108.49
syn_001_1849_000_40_92_e112	15794	23	1456.25
syn_001_1850_000_15_65_e104	15279	21	1374.44
syn_001_1850_000_6_11_e96	2008	1	498.01
syn_001_1851_000_21_26_e106	1848	2	1082.25
syn_001_1851_000_28_72_e108	14258	26	1823.54
syn_001_1852_000_24_126_e176	35166	46	1308.08
syn_001_1853_000_21_56_e111	11792	22	1865.67
syn_001_1853_000_93_96_e117	1455	4	2749.14
syn_001_1854_000_17_50_e83	15012	18	1199.04
syn_001_1855_000_11_44_e91	14138	20	1414.63
syn_001_1856_000_13_47_e83	15322	17	1109.52
syn_001_1858_000_22_60_e105	15318	12	783.39
syn_001_1859_000_119_123_e140	2086	1	479.39
syn_001_1859_000_14_39_e50	10684	1	93.6
syn_001_1859_000_40_87_e135	17796	12	674.31
syn_001_1859_000_88_113_e136	11492	1	87.02
syn_001_1860_000_16_71_e104	20856	18	863.06
syn_001_1861_000_45_80_e114	13197	18	1363.95
syn_001_1862_000_56_86_e96	9979	30	3006.31
syn_001_1863_000_15_73_e128	22211	36	1620.82
syn_001_1864_000_101_112_e278	5511	1	181.46
syn_001_1864_000_146_195_e282	16698	54	3233.92
syn_001_1864_000_14_53_e275	13578	43	3166.89
syn_001_1864_000_54_81_e276	11912	1	83.95
syn_001_1866_000_103_170_e183	22933	60	2616.32
syn_001_1866_000_37_54_e177	7831	3	383.09
syn_001_1867_000_113_175_e190	20782	77	3705.13
syn_001_1867_000_48_69_e120	9492	2	210.7
syn_001_1868_000_29_38_e157	3201	1	312.4
syn_001_1868_000_53_80_e159	8824	80	9066.18
syn_001_1869_000_14_21_e155	3365	1	297.18
syn_001_1869_000_50_121_e159	24875	45	1809.05
syn_001_1870_000_92_147_e192	17906	22	1228.64
vsb_001_1854_001_101_101_e122	1155	5	4329
vsb_001_1854_001_102_102_e124	959	5	5213.76
vsb_001_1854_001_110_110_e132	792	5	6313.13
vsb_001_1854_001_117_118_e142	839	4	4767.58
vsb_001_1854_001_125_126_e150	948	8	8438.82
vsb_001_1854_001_132_133_e155	1954	10	5117.71
vsb_001_1854_001_141_142_e165	1233	6	4866.18
vsb_001_1854_001_150_150_e173	711	6	8438.82
vsb_001_1854_001_156_157_e179	1424	3	2106.74
vsb_001_1854_001_163_164_e186	387	4	10335.92
vsb_001_1854_001_164_166_e188	1455	7	4811
vsb_001_1854_001_181_181_e204	221	1	4524.89
vsb_001_1854_001_181_182_e205	808	2	2475.25
vsb_001_1854_001_189_190_e218	759	3	3952.57
vsb_001_1854_001_197_198_e230	803	1	1245.33
vsb_001_1854_001_200_202_e233	2003	1	499.25
vsb_001_1854_001_203_203_e237	438	1	2283.11
vsb_001_1854_001_204_205_e240	729	4	5486.97
vsb_001_1854_001_22_22_e21	341	3	8797.65
vsb_001_1854_001_33_34_e33	552	1	1811.59
vsb_001_1854_001_37_38_e40	867	2	2306.81
vsb_001_1854_001_40_42_e43	1525	2	1311.48
vsb_001_1854_001_46_46_e49	403	1	2481.39
vsb_001_1854_001_54_54_e62	343	1	2915.45
vsb_001_1854_001_61_61_e70	380	2	5263.16
vsb_001_1854_001_67_67_e77	150	5	33333.33
vsb_001_1854_001_75_76_e89	1162	4	3442.34
vsb_001_1854_001_85_85_e100	868	1	1152.07
vsb_001_1854_001_92_92_e109	254	4	15748.03
vsb_001_1854_001_93_93_e111	1141	1	876.42
vsb_001_1855_002_131_132_e148	911	3	3293.08
vsb_001_1855_002_140_140_e152	569	2	3514.94
vsb_001_1855_002_170_171_e180	168	1	5952.38
vsb_001_1855_002_172_172_e182	521	2	3838.77
vsb_001_1855_002_18_19_e21	1041	2	1921.23
vsb_001_1855_002_21_26_e25	2969	1	336.81
vsb_001_1855_002_233_233_e250	674	1	1483.68
vsb_001_1855_002_27_28_e28	1154	1	866.55
vsb_001_1855_002_293_296_e323	958	5	5219.21
vsb_001_1855_002_31_34_e32	1634	1	612
vsb_001_1855_002_375_377_e411	1406	4	2844.95
vsb_001_1855_002_382_384_e422	1012	2	1976.28
vsb_001_1855_002_43_44_e43	588	1	1700.68
vsb_001_1855_002_47_48_e49	1292	1	773.99
vsb_001_1855_002_49_49_e53	136	1	7352.94
vsb_001_1855_002_76_76_e79	321	1	3115.26
vsb_001_1855_002_79_80_e84	466	2	4291.85
vsb_001_1855_002_84_84_e93	460	1	2173.91
vsb_001_1856_003_29_34_e33	1924	1	519.75
vsb_001_1856_003_349_353_e366	2812	11	3911.81
vsb_001_1856_003_36_36_e39	142	1	7042.25
vsb_001_1856_003_66_67_e65	837	1	1194.74
vsb_001_1857_004_14_15_e14	1027	4	3894.84
vsb_001_1857_004_339_339_e276	1430	1	699.3
vsb_001_1858_005_100_100_e105	201	1	4975.12
vsb_001_1858_005_103_104_e113	759	1	1317.52
vsb_001_1858_005_117_118_e122	561	6	10695.19
vsb_001_1858_005_118_119_e123	563	4	7104.8
vsb_001_1858_005_175_179_e185	1303	1	767.46
vsb_001_1858_005_193_196_e199	1255	2	1593.63
vsb_001_1858_005_198_198_e207	145	1	6896.55
vsb_001_1858_005_211_212_e217	526	1	1901.14
vsb_001_1858_005_239_242_e243	1551	1	644.75
vsb_001_1858_005_270_274_e270	1824	1	548.25
vsb_001_1858_005_277_277_e276	54	1	18518.52
vsb_001_1858_005_278_278_e278	244	1	4098.36
vsb_001_1858_005_292_293_e290	148	1	6756.76
vsb_001_1858_005_313_320_e314	3554	1	281.37
vsb_001_1858_005_323_325_e317	1326	1	754.15
vsb_001_1858_005_337_338_e330	540	2	3703.7
vsb_001_1858_005_50_52_e46	834	4	4796.16
vsb_001_1858_005_573_577_e557	1141	1	876.42
vsb_001_1858_005_57_59_e60	781	1	1280.41
vsb_001_1858_005_624_626_e604	1287	1	777
vsb_001_1858_005_639_642_e615	991	2	2018.16
vsb_001_1858_005_70_70_e70	26	1	38461.54
vsb_001_1858_005_91_97_e99	2478	1	403.55
vsb_001_1859_006_14_16_e24	830	4	4819.28
vsb_001_1859_006_37_37_e90	266	2	7518.8
vsb_001_1859_006_45_47_e113	844	2	2369.67
vsb_001_1859_006_540_545_e1261	1467	2	1363.33
vsb_001_1859_006_60_64_e152	1528	1	654.45
vsb_001_1859_006_66_66_e167	337	2	5934.72
vsb_001_1859_006_66_68_e169	513	2	3898.64
vsb_001_1859_006_671_673_e1589	628	1	1592.36
vsb_001_1859_006_813_817_e1970	1692	1	591.02
vsb_001_1859_006_81_82_e205	36	1	27777.78
vsb_001_1859_006_83_84_e215	289	1	3460.21
vsb_001_1859_006_98_99_e257	558	1	1792.11
vsb_001_1860_007_110_112_e93	704	5	7102.27
vsb_001_1860_007_112_113_e94	310	1	3225.81
vsb_001_1860_007_129_131_e110	790	2	2531.65
vsb_001_1860_007_158_166_e131	2571	2	777.91
vsb_001_1860_007_171_175_e143	1489	1	671.59
vsb_001_1860_007_181_182_e152	553	1	1808.32
vsb_001_1860_007_185_189_e158	1892	2	1057.08
vsb_001_1860_007_18_20_e10	601	2	3327.79
vsb_001_1860_007_196_199_e162	1772	1	564.33
vsb_001_1860_007_20_20_e11	69	1	14492.75
vsb_001_1860_007_210_211_e173	915	1	1092.9
vsb_001_1860_007_22_23_e15	683	1	1464.13
vsb_001_1860_007_237_242_e197	2102	9	4281.64
vsb_001_1860_007_242_243_e198	549	1	1821.49
vsb_001_1860_007_258_260_e211	759	3	3952.57
vsb_001_1860_007_276_277_e221	422	6	14218.01
vsb_001_1860_007_278_279_e223	435	2	4597.7
vsb_001_1860_007_293_295_e234	779	1	1283.7
vsb_001_1860_007_31_32_e22	708	3	4237.29
vsb_001_1860_007_321_323_e254	859	1	1164.14
vsb_001_1860_007_325_326_e257	723	2	2766.25
vsb_001_1860_007_36_36_e25	298	2	6711.41
vsb_001_1860_007_371_372_e289	652	1	1533.74
vsb_001_1860_007_379_385_e298	2380	3	1260.5
vsb_001_1860_007_387_389_e302	869	8	9205.98
vsb_001_1860_007_409_411_e318	765	3	3921.57
vsb_001_1860_007_411_419_e319	3013	1	331.9
vsb_001_1860_007_41_43_e34	1079	1	926.78
vsb_001_1860_007_422_422_e323	40	2	50000
vsb_001_1860_007_428_431_e331	780	2	2564.1
vsb_001_1860_007_44_46_e35	926	2	2159.83
vsb_001_1860_007_46_49_e36	1615	2	1238.39
vsb_001_1860_007_472_472_e371	126	1	7936.51
vsb_001_1860_007_472_472_e372	328	1	3048.78
vsb_001_1860_007_479_480_e377	437	2	4576.66
vsb_001_1860_007_486_486_e384	58	4	68965.52
vsb_001_1860_007_494_494_e402	51	1	19607.84
vsb_001_1860_007_494_494_e405	871	1	1148.11
vsb_001_1860_007_502_502_e412	139	1	7194.24
vsb_001_1860_007_510_510_e424	287	2	6968.64
vsb_001_1860_007_516_517_e436	574	1	1742.16
vsb_001_1860_007_532_533_e458	103	1	9708.74
vsb_001_1860_007_534_534_e462	50	1	20000
vsb_001_1860_007_536_536_e465	333	1	3003
vsb_001_1860_007_537_541_e467	1591	1	628.54
vsb_001_1860_007_541_541_e469	284	2	7042.25
vsb_001_1860_007_541_542_e470	87	1	11494.25
vsb_001_1860_007_561_564_e487	1509	1	662.69
vsb_001_1860_007_57_63_e50	2336	1	428.08
vsb_001_1860_007_582_582_e509	31	1	32258.06
vsb_001_1860_007_585_587_e514	975	1	1025.64
vsb_001_1860_007_606_606_e540	170	1	5882.35
vsb_001_1860_007_610_612_e546	882	1	1133.79
vsb_001_1860_007_613_613_e550	594	4	6734.01
vsb_001_1860_007_631_631_e572	260	5	19230.77
vsb_001_1860_007_63_65_e51	932	2	2145.92
vsb_001_1860_007_67_68_e55	662	4	6042.3
vsb_001_1860_007_81_82_e64	267	1	3745.32
vsb_001_1860_007_87_88_e72	500	1	2000
