Distribution of hits for query "[word ="durchschnitt|durchschnittl.*"%c]" returned 4,279 matches in 1,094 different texts
__________________

Text	No. words in text	No. hits in text	Freq. per million words

10783935	8946	1	111.78
10839747	49782	13	261.14
1209725	22338	6	268.6
13974076	101962	3	29.42
13988610	58775	2	34.03
14016475	180037	34	188.85
14501495	9848	2	203.09
14861449	41822	2	47.82
15137246	211989	62	292.47
15545124	95311	6	62.95
15725848	344609	13	37.72
16068768	316768	4	12.63
16102949	479355	7	14.6
16132339	117320	1	8.52
16164179	129868	7	53.9
16332863	194645	4	20.55
16436663	28816	1	34.7
16462459	59178	4	67.59
16528610	65423	7	107
16529624	50259	4	79.59
16642365	293774	32	108.93
16701010	159186	3	18.85
16835583	10769	5	464.3
16868337	62063	17	273.92
16905750	135465	3	22.15
17076093	77738	1	12.86
17189482	75123	1	13.31
17250092	314177	2	6.37
17831437	165250	22	133.13
18035722	766432	9	11.74
18292580	802585	5	6.23
19169900	553173	87	157.27
1923726	20783	1	48.12
19522673	895935	104	116.08
19606806	251440	6	23.86
19719815	200256	54	269.65
19721701	461257	57	123.58
19762654	191181	4	20.92
19869265	143161	3	20.96
19984433	88260	8	90.64
20231634	243439	5	20.54
20291892	358825	3	8.36
20301351	82445	1	12.13
21175320	344529	105	304.76
21738125	150064	5	33.32
21741566	29882	23	769.69
21752989	98286	10	101.74
22164890	9051	1	110.49
22799846	718572	2	2.78
23365560	14215	7	492.44
23365607	6531	1	153.12
23374488	104358	2	19.16
23655278	65621	4	60.96
23934970	32128	2	62.25
23973709	306822	26	84.74
24003771	10750	9	837.21
24068882	531442	8	15.05
24121411	396745	2	5.04
24161628	175544	14	79.75
24225547	24924	4	160.49
24240638	134212	8	59.61
24274734	118247	17	143.77
24480984	182749	89	487.01
24693223	12094	1	82.69
24693737	26135	2	76.53
24726152	30150	2	66.33
24744194	93543	6	64.14
24752805	13953	2	143.34
24755271	28010	1	35.7
24755606	20498	1	48.79
24756688	47927	1	20.87
24773127	61945	1	16.14
24773556	101300	3	29.62
24774156	32810	89	2712.59
24775237	40582	3	73.92
24775884	20921	4	191.2
24812581	37777	2	52.94
24854635	75793	1	13.19
2494087	1412320	140	99.13
25077923	77823	13	167.05
25129848	198625	1	5.03
25131527	483465	2	4.14
25202297	350717	3	8.55
25423353	96883	1	10.32
25460167	499351	2	4.01
25503728	11543	2	173.27
25518695	312872	1	3.2
25532367	175747	37	210.53
25551407	256639	4	15.59
25580780	59491	1	16.81
25594473	580014	1	1.72
25605166	492947	5	10.14
26010656	627357	7	11.16
2853323	122154	4	32.75
4853913	129984	1	7.69
5034978	52168	24	460.05
5065172	521335	9	17.26
5709444	148166	13	87.74
5710598	78462	4	50.98
5711988	516281	9	17.43
5816690	1279045	16	12.51
6562668	42257	4	94.66
6666270	337369	3	8.89
6748555	205417	3	14.6
6871410	80948	3	37.06
7312875	14791	1	67.61
7365493	80357	4	49.78
7396271	170059	21	123.49
7409306	21064	1	47.47
7579706	168952	13	76.94
7789301	163931	5	30.5
7882578	422569	215	508.79
7969528	22966	1	43.54
7969628	45305	1	22.07
8420283	182700	1	5.47
8452102	398447	43	107.92
8468420	219315	20	91.19
8530328	438200	23	52.49
8583380	420735	47	111.71
8584155	595503	30	50.38
8611740	526972	8	15.18
8612670	395663	16	40.44
8613464	177698	14	78.79
8621139	98407	5	50.81
8623829	506874	1	1.97
8640514	143704	2	13.92
8673926	75085	12	159.82
8674122	127386	16	125.6
8712769	369197	43	116.47
8743818	53645	3	55.92
8746356	457952	57	124.47
8789218	509051	20	39.29
9223676	106655	23	215.65
9317405	431407	5	11.59
9348564	225815	17	75.28
9771866	189140	12	63.45
ajb_001_1854_001_17_28_e482	3700	1	270.27
ajb_001_1854_001_181_200_e435	6293	1	158.91
ajb_001_1854_001_213_254_e443	8880	1	112.61
ajb_001_1854_001_366_369_e474	1060	1	943.4
ajb_001_1854_001_81_93_e419	4280	1	233.64
ajb_001_1855_002_132_141_e353	2859	1	349.77
ajb_001_1855_002_278_291_e410	3972	1	251.76
ajb_001_1855_002_99_132_e350	10785	5	463.61
ajb_001_1856_003_205_245_e464	13944	1	71.72
ajb_001_1856_003_288_295_e425	2425	1	412.37
ajb_001_1856_003_299_304_e428	1289	1	775.8
ajb_001_1856_003_305_309_e430	1148	3	2613.24
ajb_001_1860_004_100_122_e190	7158	1	139.7
ajb_001_1860_004_122_128_e192	1921	4	2082.25
ajb_001_1862_006_182_186_e217	1091	1	916.59
ajb_001_1863_007_57_84_e211	7616	2	262.61
ajb_001_1866_008_122_128_e281	1940	2	1030.93
ajb_001_1866_008_20_44_e261	7862	1	127.19
ajb_001_1866_008_75_101_e273	8024	2	249.25
ajb_001_1868_009_115_132_e229	5469	1	182.85
ajb_001_1868_009_76_84_e227	2150	6	2790.7
ajb_001_1868_009_85_114_e228	10410	1	96.06
ajb_001_1870_010_168_184_e374	5545	1	180.34
ajb_001_1870_010_185_203_e376	4961	1	201.57
ajb_001_1870_010_204_332_e377	40625	7	172.31
ajb_001_1870_010_79_91_e362	3962	7	1766.78
ajb_001_1870_010_92_104_e363	4019	3	746.45
apm_001_1826_002_188_193_e402	1547	1	646.41
apm_001_1826_002_83_94_e459	3499	1	285.8
apm_001_1830_006_121_126_e313	1933	3	1551.99
apm_001_1830_006_137_143_e331	2152	1	464.68
apm_001_1830_006_153_161_e346	2754	2	726.22
apm_001_1830_006_37_39_e75	720	1	1388.89
apm_001_1833_009_157_163_e280	917	1	1090.51
apm_001_1835_011_185_198_e275	3218	2	621.5
apm_001_1836_012_5_18_e11	3540	1	282.49
apm_001_1837_013_101_113_e274	2862	2	698.81
apm_001_1838_014_171_189_e308	5653	3	530.69
apm_001_1838_014_52_58_e233	1770	1	564.97
apm_001_1838_014_85_90_e297	1757	1	569.15
apm_001_1838_014_98_106_e248	2279	1	438.79
apm_001_1840_016_137_144_e290	2411	1	414.77
apm_001_1840_016_210_210_e327	171	1	5847.95
apm_001_1840_016_25_39_e45	4243	1	235.68
apm_001_1841_017_109_129_e284	6468	1	154.61
apm_001_1842_018_170_180_e345	2704	1	369.82
apm_001_1842_018_214_215_e364	221	1	4524.89
apm_001_1842_018_22_25_e40	834	1	1199.04
apm_001_1842_018_94_98_e292	1580	1	632.91
apm_001_1843_019_134_138_e319	1311	1	762.78
apm_001_1843_019_169_176_e341	1802	2	1109.88
apm_001_1843_019_197_209_e363	2607	1	383.58
apm_001_1844_020_103_108_e284	1352	6	4437.87
apm_001_1844_020_29_34_e244	514	1	1945.53
apm_001_1847_023_102_104_e331	617	1	1620.75
apm_001_1847_023_164_168_e375	1801	2	1110.49
apm_001_1847_023_185_191_e395	1896	1	527.43
apm_001_1847_023_43_46_e300	1428	1	700.28
apm_001_1848_024_25_35_e42	1646	1	607.53
ass_001_1835_001_138_145_e278	1952	2	1024.59
ass_001_1836_002_118_124_e722	2265	1	441.5
ass_001_1837_003_130_143_e936	6322	3	474.53
ass_001_1837_003_194_198_e941	1822	1	548.85
ass_001_1837_003_260_267_e992	3102	2	644.75
ass_001_1837_003_267_273_e953	3356	2	595.95
ass_001_1837_003_295_295_e959	316	1	3164.56
ass_001_1837_003_375_386_e965	4693	1	213.08
ass_001_1837_003_408_429_e732	7913	1	126.37
ass_001_1837_003_481_486_e975	2612	1	382.85
ass_001_1837_003_574_579_e986	2456	2	814.33
ass_001_1838_004_471_471_e818	549	1	1821.49
ass_001_1838_004_471_481_e820	4650	1	215.05
ass_001_1838_004_501_518_e751	6161	1	162.31
ass_001_1838_004_74_81_e837	3503	1	285.47
ass_001_1838_004_81_86_e789	2196	2	910.75
ass_001_1839_005_160_183_e500	10889	1	91.84
ass_001_1839_005_210_226_e458	4854	1	206.02
ass_001_1839_005_243_255_e504	3367	1	297
ass_001_1839_005_289_301_e509	4327	1	231.11
ass_001_1839_005_332_342_e520	4048	1	247.04
ass_001_1839_005_363_364_e555	428	1	2336.45
ass_001_1839_005_364_371_e559	3337	1	299.67
ass_001_1840_006_106_110_e942	1538	1	650.2
ass_001_1840_006_208_222_e652	5115	1	195.5
ass_001_1840_006_253_264_e686	4220	1	236.97
ass_001_1840_006_349_358_e739	3616	2	553.1
ass_001_1840_006_359_366_e745	2911	1	343.52
ass_001_1840_006_44_57_e856	5301	1	188.64
ass_001_1840_006_481_526_e811	18338	16	872.51
ass_001_1840_006_561_565_e850	1526	1	655.31
ass_001_1841_007_114_145_e611	11852	1	84.37
ass_001_1841_007_213_279_e653	26205	14	534.25
ass_001_1841_007_298_306_e669	3441	1	290.61
ass_001_1841_007_39_77_e593	15853	1	63.08
ass_001_1841_007_435_442_e738	2578	1	387.9
ass_001_1841_007_473_494_e750	7996	1	125.06
ass_001_1841_007_498_504_e839	2130	1	469.48
ass_001_1841_007_564_574_e783	4019	3	746.45
ass_001_1842_008_134_149_e644	5120	1	195.31
ass_001_1842_008_172_180_e650	3021	2	662.03
ass_001_1842_008_368_371_e737	1035	1	966.18
ass_001_1842_008_394_404_e751	2521	1	396.67
ass_001_1843_009_187_201_e685	5410	3	554.53
ass_001_1843_009_269_270_e709	1033	1	968.05
ass_001_1843_009_415_430_e772	4773	1	209.51
ass_001_1843_009_468_478_e796	4252	3	705.55
ass_001_1843_009_480_483_e799	1137	4	3518.03
ass_001_1843_009_494_522_e813	8961	1	111.59
ass_001_1843_009_546_559_e819	5230	2	382.41
ass_001_1843_009_576_578_e835	862	1	1160.09
ass_001_1844_010_272_293_e581	9696	5	515.68
ass_001_1844_010_377_381_e646	1708	1	585.48
ass_001_1844_010_448_460_e690	5519	1	181.19
ass_001_1844_010_465_473_e700	3120	2	641.03
ass_001_1844_010_486_490_e712	2250	1	444.44
ass_001_1844_010_75_98_e516	9092	3	329.96
ass_001_1845_011_177_187_e727	3986	2	501.76
ass_001_1845_011_221_229_e748	3081	1	324.57
ass_001_1845_011_253_261_e909	3187	1	313.77
ass_001_1845_011_360_367_e911	2377	1	420.7
ass_001_1845_011_367_377_e912	3720	2	537.63
ass_001_1845_011_76_95_e692	7228	1	138.35
ass_001_1845_011_95_104_e693	3401	1	294.03
bmb_001_1850_001_180_182_e335	1391	1	718.91
bmb_001_1850_001_212_214_e354	1299	1	769.82
bmb_001_1850_001_77_79_e264	708	1	1412.43
bmb_001_1850_001_80_81_e269	272	1	3676.47
bmb_001_1851_002_104_113_e348	3337	1	299.67
bmb_001_1851_002_113_128_e350	5400	1	185.19
bmb_001_1851_002_180_182_e391	788	5	6345.18
bmb_001_1851_002_183_186_e394	1167	3	2570.69
bmb_001_1851_002_187_188_e397	496	1	2016.13
bmb_001_1851_002_250_251_e439	254	2	7874.02
bmb_001_1851_002_37_39_e300	1419	2	1409.44
bmb_001_1851_002_43_46_e304	1332	1	750.75
bmb_001_1851_002_52_55_e316	1579	2	1266.62
bmb_001_1851_002_56_61_e319	2180	2	917.43
bmb_001_1852_003_137_139_e383	815	2	2453.99
bmb_001_1852_003_13_15_e299	652	2	3067.48
bmb_001_1852_003_146_148_e386	504	2	3968.25
bmb_001_1852_003_160_165_e394	1828	2	1094.09
bmb_001_1852_003_202_204_e410	187	1	5347.59
bmb_001_1852_003_232_239_e424	2480	1	403.23
bmb_001_1853_004_123_124_e343	409	2	4889.98
bmb_001_1853_004_212_215_e388	1632	1	612.75
bmb_001_1853_004_244_246_e405	540	1	1851.85
bmb_001_1853_004_252_255_e415	1425	2	1403.51
bmb_001_1853_004_268_271_e423	1600	1	625
bmb_001_1853_004_72_81_e316	3703	1	270.05
bmb_001_1854_005_102_109_e319	2593	1	385.65
bmb_001_1854_005_121_133_e329	4769	2	419.38
bmb_001_1854_005_209_222_e382	4172	1	239.69
bmb_001_1855_006_198_200_e364	944	1	1059.32
bmb_001_1855_006_201_212_e367	3403	2	587.72
bmb_001_1855_006_237_240_e396	1576	1	634.52
bmb_001_1855_006_31_35_e261	1836	1	544.66
bmb_001_1855_006_54_55_e270	550	3	5454.55
bmb_001_1855_006_75_76_e284	227	1	4405.29
bmb_001_1856_007_105_114_e347	3251	1	307.6
bmb_001_1856_007_15_15_e289	112	1	8928.57
bmb_001_1856_007_67_69_e330	633	1	1579.78
bmb_001_1856_007_69_72_e333	1349	1	741.29
bmb_001_1857_008_193_199_e373	1280	1	781.25
bmb_001_1857_008_232_235_e390	1307	1	765.11
bmb_001_1857_008_237_240_e396	1365	1	732.6
bmb_001_1857_008_31_37_e272	2538	1	394.01
bmb_001_1857_008_72_74_e288	577	1	1733.1
bmb_001_1858_009_104_111_e293	2222	1	450.05
bmb_001_1858_009_121_127_e300	3697	1	270.49
bmb_001_1858_009_128_139_e302	3587	1	278.78
bmb_001_1858_009_48_56_e265	2850	1	350.88
bmb_001_1858_009_72_78_e274	2034	1	491.64
bmb_001_1858_009_81_87_e279	2826	2	707.71
bmb_001_1858_009_92_95_e284	1034	1	967.12
bmb_001_1858_009_97_103_e290	2921	1	342.35
bmb_001_1860_011_115_117_e305	900	1	1111.11
bmb_001_1860_011_120_124_e311	1945	2	1028.28
bmb_001_1860_011_143_146_e320	1314	2	1522.07
bmb_001_1861_012_112_112_e315	435	1	2298.85
bmb_001_1861_012_138_143_e340	1990	3	1507.54
bmb_001_1861_012_208_210_e399	774	3	3875.97
bmb_001_1861_012_37_41_e255	1767	1	565.93
bmb_001_1862_013_108_108_e314	273	1	3663
bmb_001_1862_013_181_191_e396	5227	3	573.94
bmb_001_1862_013_30_32_e229	582	2	3436.43
bmb_001_1862_013_46_49_e245	1355	4	2952.03
bmb_001_1862_013_83_84_e290	576	1	1736.11
bmb_001_1863_014_123_128_e300	2278	1	438.98
bmb_001_1863_014_142_146_e316	2109	2	948.32
bmb_001_1863_014_21_29_e230	3785	2	528.4
bmb_001_1863_014_41_42_e242	831	1	1203.37
bmb_001_1863_014_42_48_e244	2148	11	5121.04
bmb_001_1863_014_68_68_e273	383	1	2610.97
bmb_001_1863_014_74_88_e277	6239	3	480.85
bmb_001_1863_014_91_100_e284	4437	1	225.38
bmb_001_1864_015_107_115_e285	2562	1	390.32
bmb_001_1864_015_123_131_e293	3074	2	650.62
bmb_001_1864_015_133_136_e299	1180	1	847.46
bmb_001_1864_015_163_164_e313	599	1	1669.45
bmb_001_1864_015_174_176_e318	980	3	3061.22
bmb_001_1864_015_21_27_e212	2675	1	373.83
bmb_001_1865_016_111_111_e305	226	2	8849.56
bmb_001_1865_016_147_147_e329	540	1	1851.85
bmb_001_1865_016_58_60_e259	779	5	6418.49
bmb_001_1865_016_78_80_e279	472	1	2118.64
bmb_001_1865_016_8_10_e204	807	2	2478.31
bmb_001_1866_017_116_120_e318	2004	1	499
bmb_001_1866_017_132_137_e329	2390	1	418.41
bmb_001_1866_017_44_46_e242	1006	9	8946.32
bmb_001_1866_017_47_48_e248	887	1	1127.4
bmb_001_1866_017_52_56_e258	1641	1	609.38
bmb_001_1866_017_69_77_e267	3694	3	812.13
bmb_001_1867_018_112_114_e310	925	1	1081.08
bmb_001_1867_018_115_124_e244	3661	1	273.15
bmb_001_1867_018_139_143_e258	1906	2	1049.32
bmb_001_1867_018_159_162_e313	1388	1	720.46
bmb_001_1867_018_179_185_e282	2755	6	2177.86
bmb_001_1867_018_185_188_e285	1308	2	1529.05
bmb_001_1867_018_189_193_e318	1542	2	1297.02
bmb_001_1867_018_35_44_e214	3917	2	510.59
bmb_001_1867_018_44_50_e217	2992	1	334.22
bmb_001_1867_018_4_8_e300	1946	1	513.87
bmb_001_1867_018_67_79_e229	5236	1	190.99
bmb_001_1868_019_10_14_e203	1548	1	645.99
bmb_001_1868_019_114_115_e267	462	5	10822.51
bmb_001_1868_019_116_122_e270	1689	8	4736.53
bmb_001_1868_019_143_146_e284	1304	1	766.87
bmb_001_1868_019_178_179_e301	673	1	1485.88
bmb_001_1868_019_84_90_e251	1458	4	2743.48
bmb_001_1869_020_103_106_e251	1496	3	2005.35
bmb_001_1869_020_129_134_e272	2381	1	419.99
bmb_001_1869_020_158_160_e287	1220	1	819.67
bmb_001_1869_020_167_171_e292	1929	1	518.4
bmb_001_1869_020_175_175_e296	289	3	10380.62
bmb_001_1869_020_49_55_e214	2592	1	385.8
bmb_001_1870_020_121_124_e299	1711	1	584.45
bmb_001_1870_020_137_139_e306	796	3	3768.84
bmb_001_1870_020_155_161_e321	3111	3	964.32
bmb_001_1870_020_4_6_e214	1411	2	1417.43
bsf_001_1861_001_76_78_e47	1320	3	2272.73
bsf_001_1861_001_79_81_e49	1454	1	687.76
bsf_001_1861_001_88_91_e56	1287	1	777
bsf_001_1862_002_226_233_e154	3066	1	326.16
bsf_001_1862_002_242_251_e167	3575	1	279.72
bsf_001_1862_002_252_253_e169	333	1	3003
bsf_001_1862_002_269_270_e182	433	1	2309.47
bsf_001_1862_002_335_335_e228	297	3	10101.01
bsf_001_1862_002_366_366_e247	219	1	4566.21
bsf_001_1862_002_39_43_e29	1835	5	2724.8
bsf_001_1862_002_43_47_e30	1502	1	665.78
bsf_001_1862_002_54_57_e40	727	3	4126.55
bsf_001_1863_003_106_107_e71	550	3	5454.55
bsf_001_1863_003_171_173_e112	416	1	2403.85
bsf_001_1863_003_173_173_e113	188	1	5319.15
bsf_001_1863_003_174_174_e114	300	2	6666.67
bsf_001_1863_003_186_188_e123	715	1	1398.6
bsf_001_1863_003_188_192_e124	1474	1	678.43
bsf_001_1863_003_205_207_e136	919	3	3264.42
bsf_001_1863_003_224_225_e146	832	1	1201.92
bsf_001_1863_003_269_271_e176	493	2	4056.8
bsf_001_1863_003_297_304_e200	2537	1	394.17
bsf_001_1863_003_29_31_e22	612	1	1633.99
bsf_001_1863_003_44_44_e31	53	1	18867.92
bsf_001_1863_003_63_64_e42	250	1	4000
bsf_001_1863_003_90_94_e60	1451	1	689.18
bsf_001_1864_004_126_127_e81	737	2	2713.7
bsf_001_1864_004_137_138_e90	425	1	2352.94
bsf_001_1864_004_146_151_e97	1856	7	3771.55
bsf_001_1864_004_14_16_e11	717	1	1394.7
bsf_001_1864_004_172_176_e111	1566	2	1277.14
bsf_001_1864_004_224_225_e138	742	1	1347.71
bsf_001_1864_004_240_241_e146	464	4	8620.69
bsf_001_1864_004_266_269_e161	1048	1	954.2
bsf_001_1864_004_315_320_e191	1898	1	526.87
bsf_001_1864_004_382_383_e232	685	3	4379.56
bsf_001_1864_004_58_62_e38	1528	1	654.45
bsf_001_1865_005_102_107_e59	2310	1	432.9
bsf_001_1865_005_124_128_e70	1454	1	687.76
bsf_001_1865_005_141_143_e79	640	1	1562.5
bsf_001_1865_005_157_161_e89	1263	2	1583.53
bsf_001_1865_005_239_241_e131	397	1	2518.89
bsf_001_1865_005_316_321_e181	1699	2	1177.16
bsf_001_1865_005_354_359_e204	1749	4	2287.02
bsf_001_1865_005_376_379_e212	914	1	1094.09
bsf_001_1865_005_58_64_e35	1860	3	1612.9
bsf_001_1865_005_91_95_e53	1647	1	607.16
bsf_001_1866_006_105_111_e60	2186	1	457.46
bsf_001_1866_006_113_119_e65	2607	1	383.58
bsf_001_1866_006_221_224_e115	1590	1	628.93
bsf_001_1866_006_257_260_e137	1379	1	725.16
bsf_001_1866_006_281_287_e148	2087	1	479.16
bsf_001_1866_006_28_31_e16	1009	1	991.08
bsf_001_1866_006_317_320_e165	1447	3	2073.26
bsf_001_1866_006_61_64_e35	1111	2	1800.18
bsf_001_1866_006_89_94_e51	1651	1	605.69
bsf_001_1867_007_139_144_e76	1411	1	708.72
bsf_001_1867_007_305_312_e177	3347	3	896.33
bsf_001_1867_007_335_335_e190	638	4	6269.59
bso_001_1858_001_109_112_e30	4667	1	214.27
bso_001_1858_001_141_144_e38	4645	3	645.86
bso_001_1858_001_21_24_e8	4969	2	402.5
bso_001_1858_001_53_56_e16	4713	1	212.18
bso_001_1858_001_5_8_e4	4455	1	224.47
bso_001_1859_002_101_104_e28	4737	4	844.42
bso_001_1859_002_13_16_e6	4790	1	208.77
bso_001_1859_002_1_4_e3	5271	1	189.72
bso_001_1859_002_41_44_e13	4951	1	201.98
bso_001_1859_002_45_48_e14	4765	1	209.86
bso_001_1860_003_101_104_e28	4952	2	403.88
bso_001_1860_003_105_108_e29	5012	1	199.52
bso_001_1860_003_193_196_e51	4643	2	430.76
bso_001_1860_003_1_4_e3	4621	1	216.4
bso_001_1860_003_201_204_e53	4415	1	226.5
bso_001_1860_003_45_48_e14	4629	1	216.03
bso_001_1860_003_53_56_e16	5124	2	390.32
bso_001_1860_003_5_8_e4	4832	2	413.91
bso_001_1860_003_89_92_e25	5056	3	593.35
bso_001_1861_004_101_104_e28	4374	1	228.62
bso_001_1861_004_109_112_e30	4462	1	224.11
bso_001_1861_004_121_124_e33	4611	1	216.87
bso_001_1861_004_13_16_e6	4319	2	463.07
bso_001_1861_004_17_20_e7	4254	4	940.29
bso_001_1861_004_193_196_e51	4219	1	237.02
bso_001_1861_004_197_200_e52	3890	3	771.21
bso_001_1861_004_21_24_e8	4430	1	225.73
bso_001_1861_004_41_44_e13	4018	1	248.88
bso_001_1861_004_9_12_e5	4255	2	470.04
bso_001_1862_005_119_122_e33	4317	1	231.64
bso_001_1862_005_123_126_e34	3636	1	275.03
bso_001_1862_005_143_146_e39	4102	1	243.78
bso_001_1862_005_167_170_e45	3810	1	262.47
bso_001_1862_005_203_206_e54	4372	1	228.73
bso_001_1862_005_57_60_e17	4168	1	239.92
bso_001_1862_005_65_68_e19	3540	1	282.49
bso_001_1863_006_201_204_e53	3893	2	513.74
bso_001_1863_006_45_48_e14	4141	1	241.49
bso_001_1863_006_57_60_e17	4013	2	498.38
bso_001_1863_006_81_84_e23	4479	1	223.26
bso_001_1863_006_89_92_e25	4236	1	236.07
bso_001_1864_007_117_120_e32	4212	1	237.42
bso_001_1864_007_13_16_e6	3988	2	501.5
bso_001_1864_007_153_156_e41	4186	1	238.89
bso_001_1864_007_179_182_e48	4337	1	230.57
bso_001_1864_007_209_212_e56	4464	1	224.01
bso_001_1864_007_25_28_e9	4417	1	226.4
bso_001_1864_007_57_60_e17	4267	2	468.71
bso_001_1864_007_73_76_e21	4259	1	234.8
bso_001_1864_007_81_84_e23	4322	3	694.12
bso_001_1865_008_121_124_e33	4666	1	214.32
bso_001_1865_008_195_198_e52	4190	3	715.99
bso_001_1865_008_199_202_e53	4168	1	239.92
bso_001_1865_008_1_4_e3	3763	3	797.24
bso_001_1865_008_37_40_e12	3922	1	254.97
bso_001_1865_008_41_44_e13	4346	2	460.19
bso_001_1865_008_61_64_e18	4353	2	459.45
bso_001_1865_008_65_68_e19	4498	1	222.32
bso_001_1866_009_103_106_e28	4185	1	238.95
bso_001_1866_009_135_138_e36	4334	1	230.73
bso_001_1866_009_163_166_e43	4219	1	237.02
bso_001_1866_009_17_20_e7	4383	2	456.31
bso_001_1866_009_185_188_e49	4045	1	247.22
bso_001_1866_009_189_192_e50	4094	1	244.26
bso_001_1866_009_205_208_e54	4295	3	698.49
bso_001_1866_009_49_54_e15	6237	1	160.33
bso_001_1866_009_55_58_e16	4199	1	238.15
bso_001_1867_010_125_128_e34	4299	1	232.61
bso_001_1867_010_13_16_e6	4129	1	242.19
bso_001_1867_010_9_12_e5	3643	2	549
bso_002_1868_001_13_16_e6	3969	1	251.95
bso_002_1868_001_193_196_e49	4155	2	481.35
bso_002_1868_001_21_24_e8	3928	5	1272.91
bso_002_1868_001_25_28_e9	4283	1	233.48
bso_002_1868_001_29_32_e10	4410	3	680.27
bso_002_1868_001_33_36_e11	3334	1	299.94
bso_002_1868_001_41_46_e13	5183	5	964.69
bso_002_1868_001_47_50_e14	4139	3	724.81
bso_002_1868_001_75_78_e21	4835	1	206.83
bso_002_1869_002_125_128_e34	4046	1	247.16
bso_002_1869_002_169_172_e45	4595	1	217.63
bso_002_1869_002_17_20_e7	4296	1	232.77
bso_002_1869_002_197_200_e52	4472	1	223.61
bso_002_1869_002_1_4_e3	4551	4	878.93
bso_002_1869_002_21_24_e8	3800	4	1052.63
bso_002_1869_002_49_52_e15	4346	2	460.19
bso_002_1869_002_53_56_e16	4220	1	236.97
bso_002_1869_002_57_60_e17	4143	1	241.37
bso_002_1869_002_5_8_e4	4549	1	219.83
bso_002_1869_002_93_96_e26	3852	1	259.61
bso_002_1870_003_113_116_e32	3984	1	251
bso_002_1870_003_117_120_e33	4054	1	246.67
bso_002_1870_003_121_124_e34	4473	1	223.56
bso_002_1870_003_137_140_e38	4477	1	223.36
bso_002_1870_003_177_182_e47	6620	2	302.11
bso_002_1870_003_183_186_e48	4865	1	205.55
bso_002_1870_003_187_190_e49	4366	1	229.04
bso_002_1870_003_25_28_e12	3947	1	253.36
bso_002_1870_003_33_36_e14	4254	1	235.07
bso_002_1870_003_37_40_e15	4377	2	456.93
bso_002_1870_003_45_48_e17	4402	1	227.17
bso_002_1870_003_5_8_e7	4441	1	225.17
bso_002_1870_003_65_70_e22	6601	1	151.49
bso_002_1870_003_81_88_e25	9543	1	104.79
btb_001_1857_006_129_166_e321	25249	1	39.61
btb_001_1857_006_202_226_e324	12774	1	78.28
btb_001_1857_006_85_128_e315	27695	1	36.11
btb_001_1860_009_85_146_e376	35582	1	28.1
btb_001_1862_011_301_328_e369	12972	1	77.09
btb_001_1863_012_301_344_e391	9482	1	105.46
btb_001_1864_013_369_381_e451	7219	1	138.52
btb_001_1864_013_382_425_e452	20531	1	48.71
btb_001_1864_013_426_429_e453	1414	1	707.21
btb_001_1867_016_348_386_e477	23326	1	42.87
btb_001_1868_017_254_363_e433	67274	2	29.73
btb_001_1869_018_344_386_e402	31031	1	32.23
btb_001_1870_019_250_292_e408	23114	1	43.26
dns_002_1805_001_240_297_e638	16520	3	181.6
dns_002_1805_001_330_342_e650	3469	1	288.27
dns_002_1805_001_371_376_e659	1456	1	686.81
dns_002_1805_001_466_489_e681	7276	7	962.07
dns_002_1805_001_46_94_e596	14026	1	71.3
dns_002_1805_001_526_547_e687	6293	2	317.81
dns_002_1805_001_98_124_e604	8339	4	479.67
dns_002_1806_002_122_141_e594	5260	1	190.11
dns_002_1806_002_142_156_e596	4369	1	228.89
dns_002_1806_002_172_192_e602	5802	2	344.71
dns_002_1806_002_225_286_e612	17651	3	169.96
dns_002_1806_002_287_318_e613	9588	1	104.3
dns_002_1806_002_334_346_e618	3272	3	916.87
dns_002_1806_002_365_382_e657	4775	3	628.27
dns_002_1806_002_399_417_e629	5225	1	191.39
dns_002_1806_002_3_68_e580	19168	1	52.17
dns_002_1806_002_418_449_e630	9050	4	441.99
dns_002_1806_002_449_461_e631	3667	2	545.4
dns_002_1806_002_487_558_e643	21448	1	46.62
dns_002_1806_002_68_77_e583	2662	1	375.66
dns_002_1807_003_121_154_e433	10206	2	195.96
dns_002_1807_003_195_205_e449	2829	2	706.96
dns_002_1807_003_205_253_e452	13595	2	147.11
dns_002_1807_003_254_271_e455	4844	1	206.44
dns_002_1807_003_271_288_e456	4989	2	400.88
dns_002_1807_003_296_305_e478	3153	1	317.16
dns_002_1807_003_33_55_e422	6699	1	149.28
dns_002_1808_004_210_242_e443	8993	1	111.2
dns_002_1808_004_330_351_e458	5794	2	345.18
dns_002_1808_004_351_355_e461	811	1	1233.05
dns_002_1808_004_362_379_e470	4647	1	215.19
dns_002_1808_004_379_387_e471	2154	1	464.25
dns_002_1809_005_119_152_e429	9233	5	541.54
dns_002_1809_005_153_170_e430	4746	4	842.82
dns_002_1809_005_212_221_e468	2602	1	384.32
dns_002_1809_005_222_255_e447	9481	5	527.37
dns_002_1809_005_308_398_e456	26184	7	267.34
dns_002_1809_005_5_38_e411	8444	2	236.85
dns_002_1811_006_195_214_e442	5535	8	1445.35
dns_002_1811_006_292_321_e453	8078	3	371.38
dns_002_1811_006_5_44_e419	8714	1	114.76
dns_002_1812_007_109_138_e457	7827	1	127.76
dns_002_1812_007_139_168_e460	7920	2	252.53
dns_002_1812_007_169_187_e461	4976	3	602.89
dns_002_1812_007_188_211_e462	6559	1	152.46
dns_002_1812_007_213_262_e466	13925	1	71.81
dns_002_1812_007_31_61_e446	8137	1	122.9
dns_002_1812_007_5_30_e443	6975	2	286.74
dsr_003_1800_001_252_252_e712	1572	1	636.13
dsr_003_1800_001_46_48_e454	2927	3	1024.94
dsr_003_1800_002_163_163_e832	430	2	4651.16
dsr_003_1800_002_415_416_e1150	419	1	2386.63
dsr_003_1800_002_441_444_e1187	2808	2	712.25
dsr_003_1800_002_469_472_e1212	1794	2	1114.83
dsr_003_1800_003_265_268_e906	2156	1	463.82
dsr_003_1801_004_255_259_e1118	3325	1	300.75
dsr_003_1801_004_46_50_e869	2999	1	333.44
dsr_003_1801_004_721_727_e1695	3585	1	278.94
gdv_001_1832_002_13_478_e17	88300	4	45.3
gdv_001_1833_003_15_305_e20	58045	10	172.28
gdv_001_1834_004_11_323_e15	67264	6	89.2
gdv_001_1837_007_9_199_e13	20492	1	48.8
gdv_001_1838_008_9_392_e409	52023	1	19.22
gdv_001_1839_009_7_170_e183	30216	3	99.29
gdv_001_1841_011_9_154_e169	25890	5	193.12
gdv_001_1850_005_9_446_e13	37809	1	26.45
gdv_001_1851_006_9_617_e14	51260	1	19.51
gdv_001_1853_008_7_246_e11	32628	2	61.3
gdv_001_1857_012_7_275_e11	57492	7	121.76
gdv_001_1858_013_7_212_e11	30612	5	163.33
gdv_001_1860_015_8_237_e250	22736	1	43.98
gdv_001_1865_004_9_562_e13	127150	3	23.59
gdv_001_1869_008_8_473_e482	66612	1	15.01
gdv_001_1870_009_7_298_e309	60983	4	65.59
sbo_001_1832_000_358_372_e712	5076	1	197.01
skb_001_1814_000_135_201_e721	21645	1	46.2
skb_001_1814_000_202_248_e722	14789	2	135.24
skb_001_1814_000_249_365_e723	33804	12	354.99
skb_001_1814_000_366_368_e724	864	1	1157.41
skb_001_1814_000_385_426_e726	13629	6	440.24
skb_001_1814_000_463_475_e729	4086	2	489.48
skb_001_1814_000_488_499_e731	3783	1	264.34
skb_001_1814_000_500_506_e732	2059	1	485.67
skb_001_1814_000_78_134_e720	19072	2	104.87
skb_001_1831_000_105_159_e301	12837	1	77.9
skb_001_1831_000_160_215_e303	12413	5	402.8
skb_001_1831_000_278_293_e306	3547	1	281.93
skb_001_1833_000_303_328_e437	5905	1	169.35
skb_001_1833_000_61_78_e400	3866	2	517.33
skb_001_1833_000_9_24_e391	3455	1	289.44
skb_002_1838_000_107_153_e270	11110	3	270.03
skb_002_1838_000_154_196_e271	11164	1	89.57
skb_002_1838_000_69_106_e267	9245	5	540.83
skb_002_1839_000_140_182_e315	10064	2	198.73
skb_002_1839_000_183_230_e316	12952	1	77.21
skb_002_1839_000_21_86_e313	16978	1	58.9
skb_002_1839_000_249_270_e318	5199	1	192.34
skb_002_1839_000_87_139_e314	12950	3	231.66
skb_002_1840_000_151_194_e560	11196	1	89.32
skb_002_1840_000_19_80_e557	15798	4	253.2
skb_002_1840_000_248_272_e572	6992	1	143.02
skb_002_1840_000_300_332_e564	8111	1	123.29
skb_002_1840_000_333_371_e565	9501	2	210.5
skb_002_1840_000_372_406_e566	7739	1	129.22
skb_002_1840_000_407_444_e567	9597	1	104.2
skb_002_1840_000_477_509_e569	6647	1	150.44
skb_002_1842_000_158_201_e311	11425	4	350.11
skb_002_1842_000_29_70_e308	10805	7	647.85
skb_002_1842_000_71_115_e309	11267	1	88.75
skb_002_1843_000_107_146_e287	10321	3	290.67
skb_002_1843_000_147_184_e288	10261	2	194.91
skb_002_1843_000_25_68_e285	11704	2	170.88
skb_002_1843_000_69_106_e286	9960	1	100.4
skb_002_1844_000_147_186_e290	10933	3	274.4
skb_002_1844_000_36_73_e287	10232	1	97.73
skb_002_1844_000_74_117_e288	11875	4	336.84
skb_002_1844_000_8_35_e286	7298	2	274.05
skb_003_1849_000_17_126_e556	28698	9	313.61
skb_003_1849_000_200_227_e558	6703	5	745.93
skb_003_1849_000_228_302_e559	14115	4	283.39
skb_003_1849_000_320_394_e561	20246	10	493.92
skb_003_1849_000_444_526_e563	19292	1	51.83
skb_004_1850_000_105_131_e200	9761	5	512.24
skb_004_1850_000_132_145_e201	3648	1	274.12
skb_004_1850_000_18_49_e197	9834	6	610.13
skb_004_1850_000_50_76_e198	8885	1	112.55
skb_004_1850_000_77_104_e199	7650	4	522.88
skb_004_1851_000_111_157_e273	11195	5	446.63
skb_004_1851_000_158_191_e274	10142	6	591.6
skb_004_1851_000_25_74_e271	13441	3	223.2
skb_004_1851_000_75_110_e272	8718	2	229.41
skb_004_1852_000_139_170_e329	7623	1	131.18
skb_004_1852_000_15_43_e324	8240	4	485.44
skb_004_1852_000_218_273_e341	13986	5	357.5
skb_004_1852_000_44_83_e325	9870	3	303.95
skb_004_1852_000_84_112_e326	7830	8	1021.71
skb_004_1853_000_154_176_e344	7545	8	1060.3
skb_004_1853_000_19_58_e337	10162	5	492.03
skb_004_1853_000_246_277_e359	6636	1	150.69
skb_004_1853_000_58_85_e341	6547	5	763.71
skb_004_1853_000_85_153_e338	15349	8	521.21
skb_004_1855_000_12_39_e388	8278	3	362.41
skb_004_1855_000_178_194_e397	5819	2	343.7
skb_004_1855_000_260_275_e405	2659	1	376.08
skb_004_1855_000_39_86_e391	11766	1	84.99
skb_004_1855_000_86_177_e394	20741	3	144.64
skb_004_1856_000_113_210_e531	20025	6	299.63
skb_004_1856_000_210_238_e534	7459	4	536.26
skb_004_1856_000_354_357_e544	856	1	1168.22
skb_004_1856_000_358_393_e547	9162	2	218.29
skb_004_1856_000_63_113_e528	11781	9	763.94
skb_004_1857_000_126_239_e441	26105	10	383.07
skb_004_1857_000_14_80_e437	16890	3	177.62
skb_004_1857_000_239_261_e445	6055	2	330.31
skb_004_1857_000_261_297_e448	9545	1	104.77
skb_004_1857_000_80_126_e438	11044	6	543.28
skb_004_1858_000_114_152_e420	9300	2	215.05
skb_004_1858_000_161_220_e422	14468	4	276.47
skb_004_1858_000_250_289_e424	11340	4	352.73
skb_004_1858_000_290_315_e425	6245	1	160.13
skb_004_1858_000_36_55_e418	4451	3	674.01
skb_004_1858_000_56_113_e419	14833	15	1011.26
skb_004_1859_000_156_213_e530	14682	6	408.66
skb_004_1859_000_224_303_e532	18349	6	326.99
skb_004_1859_000_331_380_e534	12724	2	157.18
skb_004_1859_000_33_55_e527	7168	1	139.51
skb_004_1859_000_381_420_e535	9855	1	101.47
skb_004_1859_000_489_505_e539	2586	3	1160.09
skb_004_1859_000_56_85_e528	6599	1	151.54
skb_004_1859_000_86_155_e529	17681	19	1074.6
skb_004_1860_000_145_186_e520	8705	5	574.38
skb_004_1860_000_197_279_e522	16837	6	356.36
skb_004_1860_000_30_64_e518	7661	1	130.53
skb_004_1860_000_323_388_e524	15356	9	586.09
skb_004_1860_000_389_424_e525	8006	1	124.91
skb_004_1860_000_481_510_e529	9086	4	440.24
skb_004_1860_000_65_144_e519	21775	13	597.01
skb_004_1861_000_129_214_e443	20829	6	288.06
skb_004_1861_000_243_300_e445	14101	3	212.75
skb_004_1861_000_34_70_e439	7594	2	263.37
skb_004_1861_000_398_418_e450	4192	1	238.55
skb_004_1861_000_71_82_e440	2598	1	384.91
skb_004_1861_000_83_122_e441	7677	7	911.81
skb_004_1862_000_111_155_e501	8557	11	1285.5
skb_004_1862_000_162_255_e503	18965	2	105.46
skb_004_1862_000_291_359_e505	16486	10	606.58
skb_004_1862_000_360_387_e506	5813	1	172.03
skb_004_1862_000_36_57_e499	4050	6	1481.48
skb_004_1863_000_120_173_e564	9576	6	626.57
skb_004_1863_000_182_261_e566	15338	1	65.2
skb_004_1863_000_306_367_e569	14968	3	200.43
skb_004_1863_000_35_76_e562	9762	11	1126.82
skb_004_1863_000_422_489_e573	17208	7	406.79
skb_004_1863_000_77_119_e563	9441	2	211.84
skb_004_1864_000_132_199_e658	16459	4	243.03
skb_004_1864_000_15_59_e656	20907	2	95.66
skb_004_1864_000_200_265_e659	13311	5	375.63
skb_004_1864_000_278_368_e661	19098	5	261.81
skb_004_1864_000_369_440_e662	14044	3	213.61
skb_004_1864_000_465_540_e664	18049	4	221.62
skb_004_1864_000_60_131_e657	15964	11	689.05
skb_004_1865_000_104_141_e452	11600	2	172.41
skb_004_1865_000_142_185_e453	10956	5	456.37
skb_004_1865_000_194_265_e455	15350	3	195.44
skb_004_1865_000_266_307_e456	9344	2	214.04
skb_004_1865_000_415_426_e462	2365	5	2114.16
skb_004_1865_000_52_89_e450	13154	7	532.16
skb_004_1865_000_90_103_e451	14163	1	70.61
skb_004_1866_000_167_232_e662	16827	8	475.43
skb_004_1866_000_285_336_e666	17758	10	563.13
skb_004_1866_000_337_357_e667	6189	3	484.73
skb_004_1866_000_358_384_e668	10082	4	396.75
skb_004_1866_000_37_90_e658	15538	6	386.15
skb_004_1866_000_409_464_e670	16391	2	122.02
skb_004_1866_000_465_492_e671	8170	1	122.4
skb_004_1866_000_564_611_e676	12164	5	411.05
skb_004_1866_000_618_635_e678	5809	9	1549.32
skb_004_1866_000_91_138_e659	13699	8	583.98
skb_004_1867_000_180_194_e654	5567	1	179.63
skb_004_1867_000_27_85_e652	9178	7	762.69
skb_004_1867_000_328_359_e664	8231	1	121.49
skb_004_1867_000_360_452_e665	22798	11	482.5
skb_004_1867_000_453_496_e666	14412	10	693.87
skb_004_1867_000_497_522_e667	8546	1	117.01
skb_004_1867_000_523_570_e668	11325	11	971.3
skb_004_1867_000_585_630_e671	9252	10	1080.85
skb_004_1867_000_631_643_e672	3877	6	1547.59
skb_004_1867_000_86_179_e653	20126	10	496.87
skb_004_1868_000_111_206_e569	25001	9	359.99
skb_004_1868_000_207_304_e570	20761	8	385.34
skb_004_1868_000_26_96_e567	21449	14	652.71
skb_004_1868_000_321_338_e572	6259	3	479.31
skb_004_1868_000_339_382_e573	14904	17	1140.63
skb_004_1868_000_383_422_e574	11587	2	172.61
skb_004_1868_000_423_474_e575	13103	5	381.59
skb_004_1868_000_504_516_e584	3970	15	3778.34
skb_004_1868_000_517_558_e585	11979	13	1085.23
skb_004_1868_000_97_110_e568	4918	1	203.33
skb_004_1869_000_113_217_e503	23147	8	345.62
skb_004_1869_000_17_82_e500	18334	14	763.61
skb_004_1869_000_218_290_e504	16015	7	437.09
skb_004_1869_000_291_340_e505	15525	17	1095.01
skb_004_1869_000_341_379_e506	8584	3	349.49
skb_004_1869_000_380_393_e507	4220	2	473.93
skb_004_1869_000_394_432_e508	9860	3	304.26
skb_004_1869_000_483_492_e514	2455	1	407.33
skb_004_1869_000_98_112_e502	3496	2	572.08
skz_001_1836_005_359_366_e407	6267	1	159.57
skz_001_1836_005_391_398_e443	6087	1	164.28
skz_001_1836_005_407_414_e461	7564	1	132.21
skz_001_1837_006_344_351_e470	7429	1	134.61
skz_001_1838_007_200_207_e228	6881	1	145.33
skz_001_1838_007_296_303_e336	7297	1	137.04
skz_001_1838_007_80_87_e93	7239	1	138.14
skz_001_1839_008_174_181_e200	7855	1	127.31
skz_001_1839_008_262_269_e298	7013	2	285.18
skz_001_1842_011_241_248_e467	6797	1	147.12
skz_001_1842_011_249_256_e468	7070	1	141.44
skz_001_1842_011_273_280_e471	6650	1	150.38
skz_001_1842_011_289_296_e473	6554	1	152.58
skz_001_1842_011_393_400_e486	6843	1	146.13
skz_001_1842_011_65_72_e445	7157	2	279.45
skz_001_1843_012_400_407_e477	7540	1	132.63
skz_001_1844_013_133_140_e154	6830	1	146.41
skz_001_1845_014_405_412_e449	4378	1	228.41
skz_001_1845_014_413_420_e458	7077	1	141.3
skz_001_1847_016_26_33_e373	7911	1	126.41
skz_002_1851_003_12_19_e18	6890	1	145.14
skz_002_1851_003_164_171_e189	7459	1	134.07
skz_002_1851_003_260_267_e297	6852	1	145.94
skz_002_1851_003_308_315_e351	6839	1	146.22
skz_002_1852_005_197_204_e450	7358	1	135.91
skz_002_1852_005_229_236_e454	7255	1	137.84
skz_002_1852_005_349_356_e469	6151	1	162.58
skz_002_1852_005_53_60_e432	7083	1	141.18
skz_003_1853_006_408_415_e483	5881	1	170.04
skz_003_1854_007_124_131_e144	7081	1	141.22
skz_003_1854_007_12_19_e18	6715	1	148.92
skz_003_1854_007_396_403_e450	6844	2	292.23
skz_004_1855_000_382_391_e495	6541	1	152.88
skz_004_1855_000_38_45_e47	6354	1	157.38
skz_004_1855_000_418_425_e499	4360	1	229.36
skz_004_1856_000_199_210_e505	7981	1	125.3
skz_004_1856_000_447_460_e532	12944	1	77.26
skz_004_1856_000_461_468_e533	3861	1	259
skz_004_1856_000_469_476_e534	6476	1	154.42
skz_004_1857_000_238_245_e271	4325	1	231.21
skz_004_1857_000_294_303_e334	9510	1	105.15
skz_004_1858_000_229_236_e512	6980	2	286.53
skz_004_1858_000_38_45_e47	7267	1	137.61
skz_004_1858_000_91_100_e105	6354	1	157.38
skz_004_1859_000_335_338_e619	2801	1	357.02
skz_004_1859_000_491_496_e650	5084	1	196.7
skz_004_1859_000_51_56_e563	5810	1	172.12
skz_004_1860_000_461_464_e599	2470	1	404.86
skz_004_1861_000_131_134_e165	3311	1	302.02
skz_004_1861_000_163_166_e204	4945	2	404.45
skz_004_1861_000_185_190_e231	2215	1	451.47
skz_004_1861_000_199_202_e404	3858	1	259.2
skz_004_1861_000_281_284_e423	3412	1	293.08
skz_004_1861_000_355_360_e440	6349	1	157.51
skz_004_1861_000_435_440_e538	1788	1	559.28
skz_004_1862_000_125_128_e491	4148	1	241.08
skz_004_1863_000_277_284_e472	9564	1	104.56
skz_004_1864_000_113_120_e132	6583	2	303.81
skz_004_1864_000_257_264_e470	7835	1	127.63
skz_004_1864_000_45_52_e55	7858	1	127.26
skz_004_1864_000_97_104_e114	8262	1	121.04
skz_004_1865_000_120_127_e138	8161	1	122.53
skz_004_1865_000_168_175_e462	8095	1	123.53
skz_004_1865_000_184_191_e464	7864	1	127.16
skz_004_1865_000_250_257_e472	8545	1	117.03
skz_004_1865_000_406_413_e491	7897	4	506.52
skz_004_1865_000_422_429_e493	7652	1	130.68
skz_004_1865_000_430_437_e494	7951	1	125.77
skz_004_1866_000_143_150_e164	7871	1	127.05
skz_004_1866_000_289_296_e486	8481	1	117.91
skz_004_1866_000_355_362_e494	9004	1	111.06
skz_004_1866_000_99_108_e115	9879	1	101.22
skz_004_1867_000_107_116_e124	10568	1	94.63
skz_004_1867_000_193_200_e219	8177	1	122.29
skz_004_1867_000_25_32_e32	8395	1	119.12
skz_004_1867_000_5_12_e10	8484	1	117.87
skz_004_1868_000_316_331_e515	17917	1	55.81
skz_004_1868_000_376_383_e521	7203	1	138.83
skz_004_1868_000_394_401_e523	7085	2	282.29
skz_004_1868_000_418_425_e526	7233	1	138.26
skz_004_1868_000_64_71_e76	6571	1	152.18
skz_004_1868_000_88_95_e102	6170	1	162.07
skz_004_1869_000_218_225_e513	4855	1	205.97
skz_004_1869_000_6_15_e491	11216	1	89.16
skz_004_1869_000_98_105_e500	8199	1	121.97
skz_004_1870_000_492_503_e544	14943	1	66.92
skz_004_1870_000_536_547_e592	13244	1	75.51
skz_004_1870_000_548_555_e605	4459	1	224.27
slz_001_1856_001_110_144_e7	13481	21	1557.75
slz_001_1856_001_145_178_e8	13734	5	364.06
slz_001_1856_001_212_245_e10	13210	1	75.7
slz_001_1856_001_279_311_e12	12699	1	78.75
slz_001_1856_001_345_378_e14	12267	1	81.52
slz_001_1856_001_379_413_e15	12077	1	82.8
slz_001_1856_001_43_75_e5	13653	2	146.49
slz_001_1856_001_5_42_e4	17428	7	401.65
slz_001_1856_001_76_109_e6	14248	2	140.37
slz_001_1857_002_109_140_e7	14411	4	277.57
slz_001_1857_002_141_196_e8	24110	1	41.48
slz_001_1857_002_197_260_e9	27831	15	538.97
slz_001_1857_002_293_324_e11	14964	8	534.62
slz_001_1857_002_325_356_e12	13246	1	75.49
slz_001_1857_002_357_388_e13	14169	2	141.15
slz_001_1857_002_5_44_e4	10831	1	92.33
slz_001_1858_003_241_304_e9	27345	7	255.99
slz_001_1858_003_305_344_e10	17454	2	114.59
slz_001_1859_004_229_260_e10	15165	1	65.94
slz_001_1859_004_293_388_e12	40772	11	269.79
slz_001_1859_004_37_68_e5	15513	4	257.85
slz_001_1859_004_5_36_e4	14072	1	71.06
slz_001_1859_004_69_132_e6	23655	4	169.1
slz_001_1860_005_368_403_e10	14836	1	67.4
slz_001_1861_006_109_142_e6	9034	3	332.08
slz_001_1861_006_245_278_e10	9550	1	104.71
slz_001_1861_006_279_312_e11	9299	3	322.62
slz_002_1862_007_13_16_e6	4128	1	242.25
slz_002_1862_007_81_84_e22	4404	3	681.2
slz_002_1863_008_109_112_e30	5312	1	188.25
slz_002_1863_008_113_116_e31	4925	1	203.05
slz_002_1863_008_141_144_e38	4439	1	225.28
slz_002_1863_008_17_20_e7	5348	1	186.99
slz_002_1863_008_1_4_e3	5443	1	183.72
slz_002_1863_008_208_211_e54	3999	1	250.06
slz_002_1863_008_25_28_e9	5370	4	744.88
slz_002_1863_008_57_60_e17	5171	1	193.39
slz_002_1863_008_77_80_e22	1941	1	515.2
slz_002_1864_009_105_108_e29	4838	1	206.7
slz_002_1864_009_113_116_e31	5036	1	198.57
slz_002_1864_009_129_132_e35	5139	2	389.18
slz_002_1864_009_141_144_e38	5273	1	189.65
slz_002_1864_009_17_20_e7	5198	1	192.38
slz_002_1864_009_193_196_e51	5017	5	996.61
slz_002_1864_009_197_200_e52	4845	2	412.8
slz_002_1864_009_209_212_e55	4042	2	494.8
slz_002_1864_009_21_24_e8	5181	1	193.01
slz_002_1864_009_29_32_e10	5170	1	193.42
slz_002_1864_009_69_72_e20	5259	1	190.15
slz_002_1864_009_73_76_e21	4784	3	627.09
slz_002_1864_009_81_84_e23	4587	1	218.01
slz_002_1864_009_85_88_e24	5107	6	1174.86
slz_002_1864_009_9_12_e5	4824	2	414.59
slz_002_1865_010_127_134_e19	3467	5	1442.17
slz_002_1865_010_190_197_e27	3430	1	291.55
slz_002_1865_010_206_213_e29	3546	1	282.01
slz_002_1865_010_31_38_e7	3509	1	284.98
slz_002_1865_010_334_341_e45	3813	1	262.26
slz_002_1865_010_79_86_e13	3379	1	295.95
slz_002_1865_010_95_102_e15	4084	1	244.86
slz_002_1866_011_121_128_e18	5704	1	175.32
slz_002_1866_011_153_160_e22	5537	2	361.21
slz_002_1866_011_161_168_e23	5474	1	182.68
slz_002_1866_011_177_184_e25	5737	1	174.31
slz_002_1866_011_17_24_e5	5372	1	186.15
slz_002_1866_011_185_192_e26	5634	1	177.49
slz_002_1866_011_201_208_e28	5438	3	551.67
slz_002_1866_011_217_224_e30	5745	2	348.13
slz_002_1866_011_233_240_e32	5671	1	176.34
slz_002_1866_011_249_256_e34	5672	1	176.3
slz_002_1866_011_257_264_e35	5859	1	170.68
slz_002_1866_011_25_32_e6	5743	1	174.13
slz_002_1866_011_297_304_e40	5546	6	1081.86
slz_002_1866_011_337_344_e45	5403	1	185.08
slz_002_1866_011_361_368_e48	5677	3	528.45
slz_002_1866_011_377_384_e50	5743	1	174.13
slz_002_1866_011_49_56_e9	5563	3	539.28
slz_002_1867_012_113_120_e17	5718	2	349.77
slz_002_1867_012_155_162_e22	5763	2	347.04
slz_002_1867_012_179_186_e25	5715	1	174.98
slz_002_1867_012_251_258_e34	5272	4	758.73
slz_002_1867_012_275_282_e37	5743	1	174.13
slz_002_1867_012_283_290_e38	5799	2	344.89
slz_002_1867_012_339_346_e45	5679	2	352.17
slz_002_1867_012_355_362_e47	5803	1	172.32
slz_002_1867_012_47_54_e9	5829	1	171.56
slz_002_1868_013_113_120_e17	5827	1	171.61
slz_002_1868_013_137_144_e20	5745	1	174.06
slz_002_1868_013_177_184_e25	5782	1	172.95
slz_002_1868_013_201_208_e28	5923	2	337.67
slz_002_1868_013_209_216_e29	5544	1	180.38
slz_002_1868_013_225_232_e31	5462	2	366.17
slz_002_1868_013_241_248_e33	5642	4	708.97
slz_002_1868_013_25_32_e6	5638	2	354.74
slz_002_1868_013_273_280_e37	5999	1	166.69
slz_002_1868_013_337_344_e45	5775	3	519.48
slz_002_1868_013_369_376_e49	5539	1	180.54
slz_002_1868_013_377_384_e50	5803	1	172.32
slz_002_1868_013_41_48_e8	5735	1	174.37
slz_002_1868_013_65_72_e11	5646	1	177.12
slz_002_1869_014_107_116_e16	5957	1	167.87
slz_002_1869_014_117_120_e17	2668	1	374.81
slz_002_1869_014_27_34_e6	5323	1	187.86
slz_002_1869_014_285_292_e38	5281	1	189.36
slz_002_1869_014_293_300_e39	5604	1	178.44
slz_002_1869_014_362_369_e47	4322	1	231.37
slz_002_1869_014_43_50_e8	5796	1	172.53
slz_002_1869_014_91_98_e14	5770	1	173.31
slz_002_1870_015_105_112_e16	5906	2	338.64
slz_002_1870_015_123_130_e18	5647	1	177.09
slz_002_1870_015_151_158_e21	4841	3	619.71
slz_002_1870_015_169_176_e23	5904	1	169.38
slz_002_1870_015_24_31_e6	5094	4	785.24
slz_002_1870_015_257_264_e34	5882	1	170.01
slz_002_1870_015_273_280_e36	5906	1	169.32
slz_002_1870_015_281_288_e37	6104	2	327.65
slz_002_1870_015_289_296_e38	5608	1	178.32
slz_002_1870_015_305_312_e40	5914	2	338.18
slz_002_1870_015_321_328_e42	5771	2	346.56
slz_002_1870_015_329_336_e43	6023	2	332.06
slz_002_1870_015_361_368_e47	5827	1	171.61
slz_002_1870_015_57_64_e10	5897	1	169.58
slz_002_1870_015_89_96_e14	5879	2	340.19
syn_001_1835_000_54_70_e94	6589	2	303.54
syn_001_1836_000_26_35_e90	4844	1	206.44
syn_001_1838_000_34_51_e154	6881	1	145.33
syn_001_1838_000_51_85_e157	12140	1	82.37
syn_001_1839_000_70_130_e174	19371	2	103.25
syn_001_1847_000_100_154_e248	17005	4	235.22
syn_001_1847_000_40_82_e232	14434	2	138.56
syn_001_1849_000_40_92_e112	15794	4	253.26
syn_001_1850_000_15_65_e104	15279	10	654.49
syn_001_1851_000_28_72_e108	14258	2	140.27
syn_001_1851_000_72_94_e111	7782	2	257
syn_001_1852_000_127_151_e177	9601	9	937.4
syn_001_1852_000_24_126_e176	35166	5	142.18
syn_001_1853_000_21_56_e111	11792	3	254.41
syn_001_1854_000_17_50_e83	15012	1	66.61
syn_001_1854_000_50_69_e87	9145	1	109.35
syn_001_1855_000_11_44_e91	14138	3	212.19
syn_001_1855_000_44_77_e94	17358	1	57.61
syn_001_1856_000_13_47_e83	15322	3	195.8
syn_001_1858_000_22_60_e105	15318	2	130.57
syn_001_1859_000_14_39_e50	10684	1	93.6
syn_001_1859_000_40_87_e135	17796	4	224.77
syn_001_1860_000_16_71_e104	20856	1	47.95
syn_001_1860_000_9_14_e21	2335	1	428.27
syn_001_1861_000_45_80_e114	13197	4	303.1
syn_001_1862_000_10_15_e92	2320	1	431.03
syn_001_1862_000_18_55_e94	16301	2	122.69
syn_001_1862_000_56_86_e96	9979	2	200.42
syn_001_1863_000_15_73_e128	22211	4	180.09
syn_001_1864_000_113_115_e279	730	1	1369.86
syn_001_1864_000_146_195_e282	16698	2	119.77
syn_001_1864_000_14_53_e275	13578	4	294.59
syn_001_1866_000_103_170_e183	22933	5	218.03
syn_001_1866_000_37_54_e177	7831	1	127.7
syn_001_1867_000_113_175_e190	20782	2	96.24
syn_001_1867_000_70_96_e121	11297	2	177.04
syn_001_1868_000_53_80_e159	8824	2	226.65
syn_001_1869_000_50_121_e159	24875	3	120.6
syn_001_1870_000_31_56_e187	10290	3	291.55
syn_001_1870_000_92_147_e192	17906	2	111.69
vsb_001_1854_001_111_112_e134	421	1	2375.3
vsb_001_1854_001_200_202_e233	2003	1	499.25
vsb_001_1854_001_203_203_e237	438	1	2283.11
vsb_001_1854_001_75_76_e89	1162	2	1721.17
vsb_001_1855_002_177_179_e186	1937	1	516.26
vsb_001_1855_002_18_19_e21	1041	1	960.61
vsb_001_1855_002_31_34_e32	1634	1	612
vsb_001_1855_002_57_58_e63	839	1	1191.9
vsb_001_1855_002_73_75_e75	1106	1	904.16
vsb_001_1855_002_87_89_e99	888	1	1126.13
vsb_001_1856_003_309_312_e336	347	1	2881.84
vsb_001_1858_005_196_197_e201	320	1	3125
vsb_001_1858_005_224_225_e229	450	1	2222.22
vsb_001_1858_005_244_245_e247	319	1	3134.8
vsb_001_1858_005_262_262_e264	138	1	7246.38
vsb_001_1858_005_308_309_e304	1036	1	965.25
vsb_001_1858_005_310_310_e308	287	1	3484.32
vsb_001_1858_005_340_341_e336	429	1	2331
vsb_001_1858_005_50_52_e46	834	2	2398.08
vsb_001_1858_005_87_88_e94	368	1	2717.39
vsb_001_1859_006_14_16_e24	830	7	8433.73
vsb_001_1859_006_32_35_e77	1158	15	12953.37
vsb_001_1859_006_332_337_e825	1727	1	579.04
vsb_001_1859_006_45_47_e113	844	1	1184.83
vsb_001_1859_006_52_53_e133	440	1	2272.73
vsb_001_1859_006_60_64_e152	1528	2	1308.9
vsb_001_1860_007_112_113_e94	310	1	3225.81
vsb_001_1860_007_192_196_e160	1520	1	657.89
vsb_001_1860_007_20_22_e12	881	1	1135.07
vsb_001_1860_007_223_225_e186	779	1	1283.7
vsb_001_1860_007_229_231_e190	541	1	1848.43
vsb_001_1860_007_237_242_e197	2102	1	475.74
vsb_001_1860_007_385_386_e299	641	1	1560.06
vsb_001_1860_007_387_389_e302	869	1	1150.75
vsb_001_1860_007_479_480_e377	437	1	2288.33
vsb_001_1860_007_529_532_e455	1197	1	835.42
vsb_001_1860_007_541_541_e469	284	1	3521.13
vsb_001_1860_007_577_580_e504	1329	1	752.45
vsb_001_1860_007_585_587_e514	975	1	1025.64
vsb_001_1860_007_598_599_e532	677	1	1477.1
vsb_001_1860_007_602_604_e537	642	1	1557.63
vsb_001_1860_007_610_612_e546	882	1	1133.79
vsb_001_1860_007_628_630_e566	953	1	1049.32
vsb_001_1860_007_631_631_e572	260	1	3846.15
vsb_001_1860_007_63_65_e51	932	1	1072.96
