Distribution of hits for query "[word =".*statist.*"%c]" returned 3,215 matches in 949 different texts
__________________

Text	No. words in text	No. hits in text	Freq. per million words

10783935	8946	3	335.35
10839747	49782	9	180.79
1208396	20816	1	48.04
1209725	22338	1	44.77
1293768	389113	5	12.85
13974076	101962	5	49.04
14861449	41822	1	23.91
16332863	194645	1	5.14
16548193	14970	1	66.8
16641902	199476	1	5.01
16701010	159186	1	6.28
17250092	314177	1	3.18
17349076	33536	1	29.82
17831437	165250	6	36.31
18035722	766432	7	9.13
18292580	802585	9	11.21
18839627	696849	2	2.87
19169900	553173	2	3.62
19522673	895935	31	34.6
19821126	83146	3	36.08
19869265	143161	1	6.99
19984433	88260	3	33.99
20231634	243439	4	16.43
20914643	397806	5	12.57
21028274	19245	1	51.96
21175320	344529	293	850.44
21741566	29882	7	234.25
21892800	39667	5	126.05
22164890	9051	2	220.97
23365560	14215	1	70.35
23374488	104358	4	38.33
23655278	65621	8	121.91
23934970	32128	1	31.13
24003771	10750	1	93.02
24003905	21653	3	138.55
24068882	531442	24	45.16
24082685	33678	1	29.69
24121411	396745	1	2.52
24161628	175544	3	17.09
24225547	24924	1	40.12
24240638	134212	6	44.71
24274734	118247	2	16.91
24285220	21319	1	46.91
24480984	182749	275	1504.8
24691677	6067	1	164.83
24693223	12094	1	82.69
24693737	26135	1	38.26
24694237	15292	2	130.79
24719126	160501	2	12.46
24727006	20623	1	48.49
24744194	93543	2	21.38
24752607	15532	1	64.38
24755271	28010	2	71.4
24755318	15174	1	65.9
24756231	14601	4	273.95
24756403	48166	3	62.28
24757025	34436	6	174.24
24773127	61945	2	32.29
24774156	32810	14	426.7
24775237	40582	1	24.64
24775440	21241	3	141.24
24800621	144404	1	6.93
24813131	12264	1	81.54
24854635	75793	2	26.39
24864132	13976	1	71.55
24864991	33234	8	240.72
2494087	1412320	57	40.36
25077923	77823	5	64.25
25093920	333765	6	17.98
25131527	483465	4	8.27
25140595	57590	1	17.36
25202297	350717	7	19.96
25423353	96883	4	41.29
25516680	176885	2	11.31
25532367	175747	4	22.76
25580780	59491	2	33.62
25605166	492947	4	8.11
25634247	101176	1	9.88
26010656	627357	18	28.69
2853323	122154	2	16.37
2989873	154507	2	12.94
3263797	79289	1	12.61
4414410	34500	1	28.99
4841660	64450	1	15.52
5034978	52168	1	19.17
5065172	521335	17	32.61
5709444	148166	36	242.97
5710598	78462	5	63.73
5711988	516281	31	60.04
5816690	1279045	28	21.89
6666270	337369	1	2.96
6748555	205417	10	48.68
6871410	80948	13	160.6
6983075	145000	3	20.69
7082511	50967	2	39.24
7396271	170059	48	282.25
7409306	21064	2	94.95
7579706	168952	6	35.51
7715467	140195	2	14.27
7789301	163931	1	6.1
7882578	422569	309	731.24
8420283	182700	5	27.37
8452102	398447	12	30.12
8468420	219315	17	77.51
8530328	438200	3	6.85
8583380	420735	22	52.29
8584155	595503	27	45.34
8611740	526972	1	1.9
8612670	395663	12	30.33
8613464	177698	7	39.39
8621139	98407	13	132.1
8623829	506874	19	37.48
8640514	143704	8	55.67
8673926	75085	3	39.95
8674122	127386	8	62.8
8712769	369197	11	29.79
8743818	53645	2	37.28
8789218	509051	23	45.18
9223676	106655	11	103.14
9348564	225815	1	4.43
9771866	189140	1	5.29
ajb_001_1854_001_100_132_e485	10150	2	197.04
ajb_001_1854_001_181_200_e435	6293	2	317.81
ajb_001_1854_001_213_254_e443	8880	2	225.23
ajb_001_1854_001_287_297_e452	3792	1	263.71
ajb_001_1855_002_203_220_e378	5950	1	168.07
ajb_001_1855_002_295_316_e414	6026	1	165.95
ajb_001_1856_003_205_245_e464	13944	1	71.72
ajb_001_1861_005_114_121_e196	2334	1	428.45
ajb_001_1862_006_182_186_e217	1091	1	916.59
ajb_001_1862_006_93_119_e206	7984	1	125.25
ajb_001_1863_007_132_144_e226	3634	1	275.18
ajb_001_1866_008_75_101_e273	8024	2	249.25
ajb_001_1868_009_115_132_e229	5469	1	182.85
ajb_001_1868_009_76_84_e227	2150	4	1860.47
ajb_001_1870_010_204_332_e377	40625	12	295.38
ajb_001_1870_010_333_341_e378	3419	1	292.48
ajb_001_1870_010_92_104_e363	4019	1	248.82
apm_001_1825_001_68_74_e305	685	1	1459.85
apm_001_1826_002_79_82_e324	1142	1	875.66
apm_001_1827_003_169_176_e332	1169	1	855.43
apm_001_1828_004_177_180_e370	1158	1	863.56
apm_001_1830_006_147_147_e337	99	1	10101.01
apm_001_1834_010_135_144_e276	3326	2	601.32
apm_001_1836_012_5_18_e11	3540	3	847.46
apm_001_1837_013_126_128_e155	9	1	111111.11
apm_001_1838_014_171_189_e308	5653	1	176.9
apm_001_1840_016_203_206_e323	1072	1	932.84
apm_001_1840_016_25_39_e45	4243	1	235.68
apm_001_1840_016_53_56_e78	809	2	2472.19
apm_001_1841_017_26_33_e45	1434	1	697.35
apm_001_1841_017_9_22_e15	4093	1	244.32
apm_001_1842_018_166_168_e340	791	1	1264.22
apm_001_1842_018_45_54_e91	3118	1	320.72
apm_001_1843_019_229_234_e382	734	1	1362.4
apm_001_1847_023_118_120_e341	387	1	2583.98
apm_001_1847_023_18_21_e274	921	1	1085.78
apm_001_1847_023_198_200_e405	818	1	1222.49
apm_001_1847_023_43_46_e300	1428	3	2100.84
apm_001_1848_024_25_35_e42	1646	2	1215.07
apm_001_1848_024_65_100_e175	8357	1	119.66
ass_001_1835_001_7_64_e237	17857	1	56
ass_001_1836_002_246_261_e672	4913	1	203.54
ass_001_1836_002_442_463_e709	6082	1	164.42
ass_001_1837_003_360_373_e998	5315	1	188.15
ass_001_1837_003_45_45_e923	214	1	4672.9
ass_001_1838_004_374_386_e812	6546	2	305.53
ass_001_1839_005_233_236_e578	1227	3	2444.99
ass_001_1839_005_85_92_e497	3207	1	311.82
ass_001_1840_006_153_155_e881	779	1	1283.7
ass_001_1840_006_170_181_e634	4230	1	236.41
ass_001_1840_006_329_332_e898	1127	3	2661.93
ass_001_1840_006_349_358_e739	3616	2	553.1
ass_001_1840_006_454_476_e805	8773	1	113.99
ass_001_1841_007_285_286_e812	302	2	6622.52
ass_001_1842_008_102_109_e625	2475	1	404.04
ass_001_1842_008_134_149_e644	5120	1	195.31
ass_001_1842_008_258_261_e704	1116	1	896.06
ass_001_1842_008_368_371_e737	1035	1	966.18
ass_001_1843_009_269_270_e709	1033	1	968.05
ass_001_1843_009_494_522_e813	8961	1	111.59
ass_001_1843_009_546_559_e819	5230	2	382.41
ass_001_1844_010_238_248_e721	3861	1	259
ass_001_1844_010_272_293_e581	9696	1	103.14
ass_001_1844_010_377_381_e646	1708	1	585.48
ass_001_1844_010_473_476_e703	1602	1	624.22
ass_001_1845_011_114_117_e711	1277	3	2349.26
ass_001_1845_011_230_245_e749	5416	1	184.64
ass_001_1845_011_305_321_e794	5528	1	180.9
ass_001_1845_011_350_359_e910	3426	3	875.66
ass_001_1845_011_360_367_e911	2377	1	420.7
ass_001_1845_011_574_595_e885	7127	3	420.93
bmb_001_1850_001_100_102_e282	1443	1	693
bmb_001_1850_001_140_142_e306	1446	1	691.56
bmb_001_1850_001_155_158_e322	1931	2	1035.73
bmb_001_1850_001_183_186_e337	1106	1	904.16
bmb_001_1850_001_51_52_e244	511	1	1956.95
bmb_001_1851_002_100_103_e345	1665	1	600.6
bmb_001_1851_002_136_142_e362	1971	2	1014.71
bmb_001_1851_002_164_167_e379	766	3	3916.45
bmb_001_1851_002_167_171_e382	1280	1	781.25
bmb_001_1851_002_180_182_e391	788	2	2538.07
bmb_001_1851_002_183_186_e394	1167	1	856.9
bmb_001_1851_002_250_251_e439	254	1	3937.01
bmb_001_1851_002_277_279_e455	1282	1	780.03
bmb_001_1851_002_43_46_e304	1332	1	750.75
bmb_001_1851_002_82_83_e332	629	1	1589.83
bmb_001_1852_003_146_148_e386	504	1	1984.13
bmb_001_1852_003_15_17_e302	758	2	2638.52
bmb_001_1852_003_202_204_e410	187	2	10695.19
bmb_001_1852_003_25_30_e312	1867	1	535.62
bmb_001_1852_003_283_288_e449	1814	2	1102.54
bmb_001_1852_003_89_95_e350	2170	4	1843.32
bmb_001_1854_005_209_222_e382	4172	1	239.69
bmb_001_1854_005_91_99_e315	2865	1	349.04
bmb_001_1855_006_139_143_e322	1418	1	705.22
bmb_001_1855_006_175_180_e348	1890	2	1058.2
bmb_001_1855_006_201_212_e367	3403	4	1175.43
bmb_001_1855_006_9_11_e247	770	3	3896.1
bmb_001_1856_007_133_136_e377	1684	1	593.82
bmb_001_1856_007_147_152_e388	2175	1	459.77
bmb_001_1856_007_275_276_e456	168	1	5952.38
bmb_001_1857_008_161_164_e346	1113	1	898.47
bmb_001_1857_008_181_182_e361	459	4	8714.6
bmb_001_1857_008_192_193_e370	362	1	2762.43
bmb_001_1858_009_24_34_e261	3570	1	280.11
bmb_001_1859_010_117_120_e264	1596	1	626.57
bmb_001_1859_010_153_153_e326	225	1	4444.44
bmb_001_1859_010_156_160_e294	1	1	1000000
bmb_001_1859_010_49_53_e224	1693	1	590.67
bmb_001_1860_011_102_103_e298	579	1	1727.12
bmb_001_1860_011_143_146_e320	1314	2	1522.07
bmb_001_1860_011_166_170_e332	1468	1	681.2
bmb_001_1860_011_170_171_e335	286	1	3496.5
bmb_001_1860_011_4_5_e235	272	1	3676.47
bmb_001_1860_011_59_60_e269	789	1	1267.43
bmb_001_1860_011_74_77_e279	1309	2	1527.88
bmb_001_1861_012_138_143_e340	1990	2	1005.03
bmb_001_1861_012_159_160_e361	1004	2	1992.03
bmb_001_1861_012_197_200_e391	836	1	1196.17
bmb_001_1861_012_208_210_e399	774	2	2583.98
bmb_001_1861_012_28_30_e243	1021	3	2938.3
bmb_001_1861_012_49_52_e259	1414	5	3536.07
bmb_001_1862_013_11_14_e208	1289	2	1551.59
bmb_001_1862_013_162_164_e379	910	1	1098.9
bmb_001_1862_013_181_191_e396	5227	5	956.57
bmb_001_1862_013_20_20_e221	312	2	6410.26
bmb_001_1862_013_30_32_e229	582	1	1718.21
bmb_001_1862_013_33_34_e234	467	3	6423.98
bmb_001_1862_013_46_49_e245	1355	4	2952.03
bmb_001_1862_013_53_59_e253	2887	1	346.38
bmb_001_1862_013_59_63_e255	1834	1	545.26
bmb_001_1863_014_107_115_e295	3879	1	257.8
bmb_001_1863_014_17_17_e222	232	1	4310.34
bmb_001_1863_014_42_48_e244	2148	1	465.55
bmb_001_1863_014_69_74_e275	1980	5	2525.25
bmb_001_1863_014_74_88_e277	6239	3	480.85
bmb_001_1863_014_91_100_e284	4437	1	225.38
bmb_001_1864_015_137_148_e300	4009	5	1247.19
bmb_001_1864_015_50_52_e245	1212	1	825.08
bmb_001_1865_016_147_147_e329	540	1	1851.85
bmb_001_1865_016_162_162_e343	232	2	8620.69
bmb_001_1865_016_180_185_e365	2299	1	434.97
bmb_001_1865_016_190_192_e371	645	1	1550.39
bmb_001_1865_016_193_194_e377	616	1	1623.38
bmb_001_1865_016_45_48_e243	1167	2	1713.8
bmb_001_1865_016_50_50_e248	233	1	4291.85
bmb_001_1865_016_78_80_e279	472	7	14830.51
bmb_001_1865_016_83_83_e287	397	1	2518.89
bmb_001_1866_017_104_108_e301	2079	4	1924
bmb_001_1866_017_137_138_e331	616	1	1623.38
bmb_001_1866_017_139_143_e333	2125	4	1882.35
bmb_001_1866_017_173_176_e357	1309	5	3819.71
bmb_001_1866_017_184_189_e372	1981	2	1009.59
bmb_001_1866_017_189_190_e375	415	1	2409.64
bmb_001_1866_017_28_32_e219	1388	2	1440.92
bmb_001_1866_017_69_77_e267	3694	2	541.42
bmb_001_1866_017_95_96_e285	772	1	1295.34
bmb_001_1867_018_139_143_e258	1906	1	524.66
bmb_001_1867_018_144_146_e312	849	1	1177.86
bmb_001_1867_018_159_162_e313	1388	2	1440.92
bmb_001_1867_018_179_185_e282	2755	2	725.95
bmb_001_1867_018_188_189_e289	355	3	8450.7
bmb_001_1867_018_189_193_e318	1542	1	648.51
bmb_001_1867_018_28_34_e208	1985	1	503.78
bmb_001_1867_018_44_50_e217	2992	1	334.22
bmb_001_1867_018_55_58_e220	902	1	1108.65
bmb_001_1867_018_67_79_e229	5236	1	190.99
bmb_001_1867_018_83_91_e232	3494	1	286.2
bmb_001_1867_018_9_18_e203	4084	1	244.86
bmb_001_1868_019_106_109_e261	12	1	83333.33
bmb_001_1868_019_114_115_e267	462	1	2164.5
bmb_001_1868_019_116_122_e270	1689	1	592.07
bmb_001_1868_019_143_146_e284	1304	5	3834.36
bmb_001_1868_019_160_162_e293	1189	1	841.04
bmb_001_1868_019_189_191_e310	7	1	142857.14
bmb_001_1868_019_31_32_e217	4	1	250000
bmb_001_1868_019_44_48_e224	1587	2	1260.24
bmb_001_1868_019_84_90_e251	1458	2	1371.74
bmb_001_1869_020_103_106_e251	1496	1	668.45
bmb_001_1869_020_106_110_e253	1609	3	1864.51
bmb_001_1869_020_28_31_e196	1016	1	984.25
bmb_001_1870_020_119_120_e298	980	1	1020.41
bmb_001_1870_020_136_136_e305	747	1	1338.69
bmb_001_1870_020_137_139_e306	796	1	1256.28
bmb_001_1870_020_155_161_e321	3111	1	321.44
bmb_001_1870_020_40_40_e239	362	4	11049.72
bsf_001_1861_001_47_49_e30	756	1	1322.75
bsf_001_1861_001_95_97_e59	675	1	1481.48
bsf_001_1862_002_39_43_e29	1835	1	544.96
bsf_001_1862_002_62_63_e44	634	1	1577.29
bsf_001_1863_003_106_107_e71	550	2	3636.36
bsf_001_1863_003_126_127_e85	394	2	5076.14
bsf_001_1863_003_144_145_e96	349	2	5730.66
bsf_001_1863_003_174_174_e114	300	2	6666.67
bsf_001_1863_003_186_188_e123	715	2	2797.2
bsf_001_1863_003_188_192_e124	1474	3	2035.28
bsf_001_1863_003_204_205_e135	394	2	5076.14
bsf_001_1863_003_269_271_e176	493	2	4056.8
bsf_001_1863_003_289_289_e192	73	1	13698.63
bsf_001_1863_003_297_304_e200	2537	3	1182.5
bsf_001_1863_003_63_64_e42	250	2	8000
bsf_001_1863_003_76_77_e50	333	2	6006.01
bsf_001_1864_004_111_113_e72	775	1	1290.32
bsf_001_1864_004_341_345_e213	2010	1	497.51
bsf_001_1864_004_366_367_e223	380	1	2631.58
bsf_001_1865_005_297_298_e168	373	1	2680.97
bsf_001_1865_005_334_337_e193	1140	1	877.19
bsf_001_1865_005_368_369_e207	499	1	2004.01
bsf_001_1865_005_45_48_e26	1153	1	867.3
bsf_001_1866_006_183_189_e96	1912	1	523.01
bsf_001_1866_006_248_252_e131	1226	2	1631.32
bsf_001_1866_006_317_320_e165	1447	1	691.09
bsf_001_1866_006_61_64_e35	1111	1	900.09
bsf_001_1867_007_305_312_e177	3347	1	298.78
bsf_001_1867_007_348_349_e200	6	1	166666.67
bso_001_1858_001_13_16_e6	5032	1	198.73
bso_001_1858_001_145_150_e39	7396	1	135.21
bso_001_1859_002_77_80_e22	5033	2	397.38
bso_001_1860_003_121_124_e33	4905	1	203.87
bso_001_1860_003_45_48_e14	4629	1	216.03
bso_001_1860_003_53_56_e16	5124	3	585.48
bso_001_1860_003_5_8_e4	4832	3	620.86
bso_001_1860_003_61_64_e18	4503	1	222.07
bso_001_1860_003_65_68_e19	4710	1	212.31
bso_001_1860_003_69_72_e20	4940	1	202.43
bso_001_1860_003_89_92_e25	5056	5	988.92
bso_001_1861_004_77_80_e22	4240	1	235.85
bso_001_1862_005_175_178_e47	4643	1	215.38
bso_001_1862_005_187_190_e50	4262	1	234.63
bso_001_1862_005_5_8_e4	4729	1	211.46
bso_001_1862_005_85_88_e24	4531	1	220.7
bso_001_1863_006_101_104_e28	4250	1	235.29
bso_001_1863_006_137_140_e37	4219	3	711.07
bso_001_1863_006_141_144_e38	4083	3	734.75
bso_001_1863_006_145_148_e39	4072	1	245.58
bso_001_1863_006_149_152_e40	3946	4	1013.68
bso_001_1863_006_153_156_e41	3908	7	1791.2
bso_001_1863_006_161_164_e43	4188	1	238.78
bso_001_1863_006_205_208_e54	4008	3	748.5
bso_001_1863_006_45_48_e14	4141	1	241.49
bso_001_1864_007_101_104_e28	4417	1	226.4
bso_001_1864_007_141_144_e38	4182	1	239.12
bso_001_1864_007_201_204_e54	4256	1	234.96
bso_001_1864_007_25_28_e9	4417	1	226.4
bso_001_1864_007_5_8_e4	3806	2	525.49
bso_001_1864_007_93_96_e26	4363	1	229.2
bso_001_1864_007_9_12_e5	4323	3	693.96
bso_001_1865_008_137_140_e37	4529	1	220.8
bso_001_1865_008_17_20_e7	4067	1	245.88
bso_001_1865_008_195_198_e52	4190	2	477.33
bso_001_1865_008_199_202_e53	4168	2	479.85
bso_001_1865_008_1_4_e3	3763	1	265.75
bso_001_1865_008_203_206_e54	3626	1	275.79
bso_001_1865_008_57_60_e17	4336	4	922.51
bso_001_1866_009_155_158_e41	4334	1	230.73
bso_001_1866_009_25_28_e9	4300	1	232.56
bso_001_1866_009_71_74_e20	4296	1	232.77
bso_001_1867_010_101_104_e28	4020	16	3980.1
bso_001_1867_010_105_108_e29	4107	3	730.46
bso_001_1867_010_117_120_e32	4097	1	244.08
bso_001_1867_010_137_140_e37	3839	1	260.48
bso_001_1867_010_141_144_e38	3624	1	275.94
bso_001_1867_010_161_164_e43	3809	1	262.54
bso_001_1867_010_173_176_e46	4123	1	242.54
bso_001_1867_010_193_196_e51	4122	1	242.6
bso_001_1867_010_197_200_e52	3997	1	250.19
bso_001_1867_010_201_204_e53	4036	1	247.77
bso_001_1867_010_5_8_e4	3922	1	254.97
bso_001_1867_010_73_76_e21	4062	1	246.18
bso_001_1867_010_85_88_e24	4305	1	232.29
bso_002_1868_001_103_106_e27	3715	1	269.18
bso_002_1868_001_125_128_e32	4615	1	216.68
bso_002_1868_001_169_172_e43	3913	1	255.56
bso_002_1868_001_181_184_e46	3995	3	750.94
bso_002_1868_001_185_188_e47	4149	2	482.04
bso_002_1868_001_29_32_e10	4410	1	226.76
bso_002_1868_001_37_40_e12	4055	1	246.61
bso_002_1869_002_165_168_e44	4381	1	228.26
bso_002_1869_002_169_172_e45	4595	1	217.63
bso_002_1869_002_185_188_e49	4304	2	464.68
bso_002_1869_002_57_60_e17	4143	1	241.37
bso_002_1869_002_5_8_e4	4549	1	219.83
bso_002_1869_002_73_76_e21	4474	1	223.51
bso_002_1870_003_113_116_e32	3984	2	502.01
bso_002_1870_003_133_136_e37	4220	1	236.97
bso_002_1870_003_165_168_e45	4441	1	225.17
bso_002_1870_003_177_182_e47	6620	3	453.17
bso_002_1870_003_191_194_e50	4493	1	222.57
bso_002_1870_003_29_32_e13	4086	1	244.74
bso_002_1870_003_37_40_e15	4377	2	456.93
bso_002_1870_003_5_8_e7	4441	1	225.17
bso_002_1870_003_61_64_e21	4802	1	208.25
bso_002_1870_003_65_70_e22	6601	1	151.49
bso_002_1870_003_97_100_e28	4290	2	466.2
btb_001_1852_001_187_201_e243	10256	1	97.5
btb_001_1853_002_199_330_e353	98355	14	142.34
btb_001_1855_004_106_120_e315	9645	1	103.68
btb_001_1856_005_104_141_e300	27460	1	36.42
btb_001_1857_006_202_226_e324	12774	1	78.28
btb_001_1859_008_10_51_e296	25930	1	38.57
btb_001_1859_008_227_240_e302	7655	1	130.63
btb_001_1862_011_301_328_e369	12972	1	77.09
btb_001_1865_014_278_328_e360	23541	2	84.96
btb_001_1868_017_397_419_e435	16055	2	124.57
btb_001_1870_019_250_292_e408	23114	2	86.53
btb_001_1870_019_344_379_e412	23487	2	85.15
dns_002_1805_001_572_578_e697	1828	1	547.05
dns_002_1806_002_142_156_e596	4369	1	228.89
dns_002_1806_002_91_97_e587	1761	2	1135.72
dns_002_1808_004_158_197_e437	10592	1	94.41
dns_002_1808_004_274_282_e449	2004	2	998
dns_002_1808_004_355_361_e464	1623	1	616.14
dns_002_1812_007_339_374_e484	9874	1	101.28
dns_002_1812_007_5_30_e443	6975	1	143.37
dsr_003_1800_003_109_112_e733	2947	1	339.33
dsr_003_1801_004_641_645_e1763	3326	1	300.66
gdv_001_1839_009_7_170_e183	30216	1	33.1
gdv_001_1850_005_9_446_e13	37809	1	26.45
gdv_001_1854_009_6_202_e10	31926	3	93.97
gdv_001_1856_011_7_167_e11	33911	4	117.96
gdv_001_1865_004_9_562_e13	127150	3	23.59
gdv_001_1869_008_8_473_e482	66612	1	15.01
sbo_001_1832_000_118_127_e575	2942	1	339.9
sbo_001_1832_000_156_161_e590	1510	1	662.25
sbo_001_1832_000_205_209_e613	1587	1	630.12
sbo_001_1832_000_38_50_e502	3891	1	257
skb_001_1814_000_488_499_e731	3783	1	264.34
skb_001_1831_000_216_253_e304	8909	1	112.25
skb_001_1833_000_176_201_e423	7043	2	283.97
skb_001_1833_000_241_270_e433	7349	1	136.07
skb_001_1833_000_270_302_e434	7098	1	140.88
skb_001_1833_000_303_328_e437	5905	1	169.35
skb_002_1838_000_14_69_e266	14033	1	71.26
skb_002_1838_000_210_238_e273	7299	1	137.01
skb_002_1838_000_69_106_e267	9245	1	108.17
skb_002_1839_000_183_230_e316	12952	4	308.83
skb_002_1839_000_21_86_e313	16978	3	176.7
skb_002_1839_000_87_139_e314	12950	2	154.44
skb_002_1840_000_151_194_e560	11196	4	357.27
skb_002_1840_000_19_80_e557	15798	2	126.6
skb_002_1840_000_300_332_e564	8111	1	123.29
skb_002_1840_000_333_371_e565	9501	1	105.25
skb_002_1840_000_407_444_e567	9597	2	208.4
skb_002_1842_000_158_201_e311	11425	4	350.11
skb_002_1842_000_71_115_e309	11267	1	88.75
skb_002_1843_000_147_184_e288	10261	3	292.37
skb_002_1843_000_25_68_e285	11704	1	85.44
skb_002_1844_000_147_186_e290	10933	3	274.4
skb_002_1844_000_36_73_e287	10232	1	97.73
skb_003_1849_000_127_199_e557	17206	1	58.12
skb_003_1849_000_17_126_e556	28698	3	104.54
skb_003_1849_000_228_302_e559	14115	1	70.85
skb_003_1849_000_320_394_e561	20246	3	148.18
skb_004_1850_000_105_131_e200	9761	4	409.79
skb_004_1850_000_18_49_e197	9834	2	203.38
skb_004_1851_000_111_157_e273	11195	1	89.33
skb_004_1851_000_158_191_e274	10142	2	197.2
skb_004_1851_000_25_74_e271	13441	2	148.8
skb_004_1852_000_218_273_e341	13986	2	143
skb_004_1852_000_84_112_e326	7830	4	510.86
skb_004_1853_000_154_176_e344	7545	4	530.15
skb_004_1853_000_19_58_e337	10162	1	98.41
skb_004_1853_000_246_277_e359	6636	2	301.39
skb_004_1855_000_12_39_e388	8278	1	120.8
skb_004_1855_000_178_194_e397	5819	3	515.55
skb_004_1855_000_260_275_e405	2659	1	376.08
skb_004_1856_000_14_63_e527	16154	5	309.52
skb_004_1856_000_277_287_e540	1937	1	516.26
skb_004_1856_000_358_393_e547	9162	1	109.15
skb_004_1857_000_126_239_e441	26105	1	38.31
skb_004_1857_000_14_80_e437	16890	59	3493.19
skb_004_1857_000_239_261_e445	6055	1	165.15
skb_004_1858_000_161_220_e422	14468	2	138.24
skb_004_1858_000_17_35_e417	6101	1	163.91
skb_004_1858_000_221_249_e423	6705	4	596.57
skb_004_1858_000_250_289_e424	11340	2	176.37
skb_004_1858_000_56_113_e419	14833	1	67.42
skb_004_1859_000_11_32_e526	5893	7	1187.85
skb_004_1859_000_224_303_e532	18349	1	54.5
skb_004_1859_000_304_330_e533	4998	4	800.32
skb_004_1859_000_331_380_e534	12724	4	314.37
skb_004_1859_000_33_55_e527	7168	3	418.53
skb_004_1859_000_86_155_e529	17681	1	56.56
skb_004_1860_000_13_29_e517	4404	6	1362.4
skb_004_1860_000_280_322_e523	8256	2	242.25
skb_004_1860_000_30_64_e518	7661	9	1174.78
skb_004_1860_000_323_388_e524	15356	2	130.24
skb_004_1860_000_389_424_e525	8006	1	124.91
skb_004_1861_000_13_33_e438	5989	4	667.89
skb_004_1861_000_215_242_e444	4921	2	406.42
skb_004_1861_000_34_70_e439	7594	5	658.41
skb_004_1861_000_71_82_e440	2598	1	384.91
skb_004_1862_000_13_35_e498	6669	7	1049.63
skb_004_1862_000_162_255_e503	18965	2	105.46
skb_004_1862_000_256_290_e504	6416	4	623.44
skb_004_1862_000_291_359_e505	16486	3	181.97
skb_004_1862_000_58_110_e500	12239	4	326.82
skb_004_1863_000_15_34_e561	5799	5	862.22
skb_004_1863_000_282_305_e568	4291	4	932.18
skb_004_1863_000_306_367_e569	14968	3	200.43
skb_004_1863_000_77_119_e563	9441	4	423.68
skb_004_1864_000_132_199_e658	16459	22	1336.65
skb_004_1864_000_15_59_e656	20907	7	334.82
skb_004_1864_000_278_368_e661	19098	2	104.72
skb_004_1864_000_369_440_e662	14044	3	213.61
skb_004_1864_000_465_540_e664	18049	2	110.81
skb_004_1865_000_104_141_e452	11600	14	1206.9
skb_004_1865_000_142_185_e453	10956	3	273.82
skb_004_1865_000_266_307_e456	9344	2	214.04
skb_004_1866_000_155_166_e661	4177	1	239.41
skb_004_1866_000_167_232_e662	16827	3	178.28
skb_004_1866_000_285_336_e666	17758	1	56.31
skb_004_1866_000_358_384_e668	10082	12	1190.24
skb_004_1866_000_409_464_e670	16391	21	1281.19
skb_004_1866_000_618_635_e678	5809	9	1549.32
skb_004_1867_000_283_294_e659	3279	3	914.91
skb_004_1867_000_360_452_e665	22798	3	131.59
skb_004_1867_000_453_496_e666	14412	2	138.77
skb_004_1867_000_497_522_e667	8546	3	351.04
skb_004_1867_000_523_570_e668	11325	1	88.3
skb_004_1867_000_577_584_e670	1568	1	637.76
skb_004_1867_000_86_179_e653	20126	1	49.69
skb_004_1868_000_207_304_e570	20761	1	48.17
skb_004_1868_000_26_96_e567	21449	1	46.62
skb_004_1868_000_321_338_e572	6259	5	798.85
skb_004_1868_000_339_382_e573	14904	2	134.19
skb_004_1868_000_423_474_e575	13103	2	152.64
skb_004_1868_000_517_558_e585	11979	5	417.4
skb_004_1868_000_97_110_e568	4918	7	1423.34
skb_004_1869_000_13_16_e512	926	2	2159.83
skb_004_1869_000_291_340_e505	15525	1	64.41
skb_004_1869_000_380_393_e507	4220	5	1184.83
skb_004_1869_000_483_492_e514	2455	4	1629.33
skb_004_1869_000_83_97_e501	4648	8	1721.17
skz_001_1832_001_13_20_e19	5057	1	197.75
skz_001_1833_002_379_386_e493	6563	1	152.37
skz_001_1836_005_163_170_e187	7481	1	133.67
skz_001_1838_007_184_191_e210	7331	1	136.41
skz_001_1838_007_328_335_e372	7292	1	137.14
skz_001_1838_007_360_367_e408	7294	1	137.1
skz_001_1838_007_48_55_e57	7377	1	135.56
skz_001_1839_008_214_221_e244	7174	1	139.39
skz_001_1839_008_262_269_e298	7013	2	285.18
skz_001_1839_008_286_293_e325	6728	1	148.63
skz_001_1839_008_302_309_e478	6900	1	144.93
skz_001_1839_008_342_349_e467	7521	1	132.96
skz_001_1839_008_86_93_e101	7431	1	134.57
skz_001_1840_009_173_180_e454	7279	1	137.38
skz_001_1840_009_25_32_e436	6985	1	143.16
skz_001_1841_010_136_143_e447	6992	1	143.02
skz_001_1841_010_346_353_e473	7245	1	138.03
skz_001_1842_011_257_264_e469	6892	1	145.1
skz_001_1842_011_305_312_e475	7206	1	138.77
skz_001_1842_011_321_328_e477	7186	1	139.16
skz_001_1842_011_49_56_e443	7121	2	280.86
skz_001_1842_011_65_72_e445	7157	1	139.72
skz_001_1843_012_136_143_e445	6947	1	143.95
skz_001_1844_013_149_156_e172	7317	1	136.67
skz_001_1844_013_277_284_e316	7495	1	133.42
skz_001_1844_013_349_356_e397	6783	1	147.43
skz_001_1844_013_357_364_e406	7575	1	132.01
skz_001_1845_014_389_396_e431	7598	1	131.61
skz_001_1846_015_303_310_e344	6849	1	146.01
skz_001_1846_015_383_390_e434	7033	2	284.37
skz_001_1846_015_53_62_e63	8622	1	115.98
skz_001_1847_016_130_137_e385	7089	1	141.06
skz_001_1847_016_26_33_e373	7911	1	126.41
skz_002_1850_002_156_163_e446	7436	1	134.48
skz_002_1850_002_172_181_e448	8162	1	122.52
skz_002_1850_002_270_277_e460	6900	1	144.93
skz_002_1850_002_28_35_e430	7265	2	275.29
skz_002_1850_002_310_317_e465	6458	1	154.85
skz_002_1850_002_318_325_e466	7501	3	399.95
skz_002_1851_003_12_19_e18	6890	2	290.28
skz_002_1851_003_172_179_e198	5361	1	186.53
skz_002_1851_003_196_203_e225	6548	1	152.72
skz_002_1851_003_20_27_e27	6786	1	147.36
skz_002_1851_003_372_379_e423	6577	1	152.05
skz_002_1851_003_52_59_e63	6800	1	147.06
skz_002_1851_003_60_67_e72	7167	1	139.53
skz_002_1851_003_92_99_e108	7171	1	139.45
skz_002_1852_005_173_180_e447	6637	1	150.67
skz_002_1852_005_205_212_e451	7001	2	285.67
skz_002_1852_005_21_28_e428	2164	1	462.11
skz_002_1852_005_69_76_e434	7445	1	134.32
skz_003_1853_006_140_147_e450	6680	1	149.7
skz_003_1853_006_214_221_e459	6859	3	437.38
skz_003_1853_006_28_35_e436	7328	3	409.39
skz_003_1853_006_318_327_e472	4597	1	217.53
skz_003_1853_006_360_367_e477	7276	3	412.31
skz_003_1853_006_68_75_e441	6620	1	151.06
skz_003_1854_007_188_195_e216	6188	2	323.21
skz_003_1854_007_196_203_e225	7660	2	261.1
skz_003_1854_007_212_219_e243	6853	1	145.92
skz_003_1854_007_236_243_e270	6998	4	571.59
skz_003_1854_007_396_403_e450	6844	1	146.11
skz_003_1854_007_76_83_e90	6536	1	153
skz_004_1855_000_196_205_e473	9329	1	107.19
skz_004_1855_000_214_221_e475	6684	1	149.61
skz_004_1855_000_306_313_e486	7704	1	129.8
skz_004_1856_000_137_146_e498	6436	3	466.13
skz_004_1856_000_155_162_e500	4500	1	222.22
skz_004_1856_000_163_172_e501	6856	5	729.29
skz_004_1856_000_199_210_e505	7981	1	125.3
skz_004_1856_000_241_250_e509	8285	1	120.7
skz_004_1856_000_267_274_e512	8183	1	122.2
skz_004_1856_000_337_346_e520	6238	1	160.31
skz_004_1856_000_389_400_e526	7193	2	278.05
skz_004_1856_000_49_58_e488	6430	1	155.52
skz_004_1857_000_126_133_e145	7907	1	126.47
skz_004_1857_000_182_189_e208	8418	1	118.79
skz_004_1857_000_294_303_e334	9510	3	315.46
skz_004_1857_000_328_335_e372	8337	1	119.95
skz_004_1857_000_346_353_e392	4654	1	214.87
skz_004_1857_000_84_95_e99	12223	1	81.81
skz_004_1858_000_353_360_e527	4515	1	221.48
skz_004_1858_000_407_416_e533	6134	3	489.08
skz_004_1858_000_91_100_e105	6354	1	157.38
skz_004_1859_000_11_16_e17	6064	1	164.91
skz_004_1859_000_121_126_e577	5339	2	374.6
skz_004_1859_000_183_188_e589	5079	1	196.89
skz_004_1859_000_305_310_e613	5063	1	197.51
skz_004_1859_000_311_314_e614	3485	1	286.94
skz_004_1859_000_319_324_e616	5120	1	195.31
skz_004_1859_000_325_328_e617	3353	1	298.24
skz_004_1859_000_339_344_e620	5796	1	172.53
skz_004_1859_000_461_466_e644	5308	1	188.39
skz_004_1859_000_51_56_e563	5810	4	688.47
skz_004_1860_000_267_270_e560	3422	1	292.23
skz_004_1860_000_451_456_e597	3229	1	309.69
skz_004_1860_000_493_496_e606	1489	1	671.59
skz_004_1860_000_89_92_e112	4464	1	224.01
skz_004_1861_000_111_114_e140	4223	2	473.6
skz_004_1861_000_195_198_e403	4204	1	237.87
skz_004_1861_000_289_292_e425	3444	1	290.36
skz_004_1861_000_323_326_e433	4504	1	222.02
skz_004_1861_000_351_354_e439	3367	1	297
skz_004_1861_000_455_462_e562	7854	1	127.32
skz_004_1862_000_259_262_e523	1447	2	1382.17
skz_004_1862_000_291_296_e531	5449	2	367.04
skz_004_1862_000_357_360_e546	1049	1	953.29
skz_004_1862_000_367_370_e548	1884	1	530.79
skz_004_1862_000_423_428_e561	3230	4	1238.39
skz_004_1862_000_5_10_e10	2805	1	356.51
skz_004_1863_000_117_124_e452	8207	2	243.69
skz_004_1863_000_125_132_e453	8041	2	248.73
skz_004_1863_000_133_140_e454	8073	1	123.87
skz_004_1863_000_141_148_e455	8256	5	605.62
skz_004_1863_000_165_172_e458	8183	1	122.2
skz_004_1863_000_21_28_e440	9014	1	110.94
skz_004_1863_000_221_228_e465	9299	2	215.08
skz_004_1863_000_253_260_e469	8314	1	120.28
skz_004_1863_000_285_292_e473	8538	1	117.12
skz_004_1863_000_365_372_e483	9148	1	109.31
skz_004_1864_000_113_120_e132	6583	1	151.91
skz_004_1864_000_137_144_e159	7150	2	279.72
skz_004_1864_000_153_160_e177	7972	2	250.88
skz_004_1864_000_21_28_e28	8677	3	345.74
skz_004_1864_000_321_328_e478	8088	1	123.64
skz_004_1864_000_345_352_e481	7155	1	139.76
skz_004_1864_000_37_44_e46	8153	1	122.65
skz_004_1864_000_89_96_e105	7676	1	130.28
skz_004_1864_000_97_104_e114	8262	1	121.04
skz_004_1865_000_112_119_e129	7780	1	128.53
skz_004_1865_000_184_191_e464	7864	2	254.32
skz_004_1865_000_200_207_e466	8364	1	119.56
skz_004_1865_000_218_225_e468	8091	1	123.59
skz_004_1865_000_226_233_e469	7840	3	382.65
skz_004_1865_000_274_281_e475	8330	1	120.05
skz_004_1865_000_290_297_e477	8141	1	122.84
skz_004_1865_000_330_337_e482	8435	1	118.55
skz_004_1865_000_372_381_e487	10295	2	194.27
skz_004_1865_000_398_405_e490	8041	1	124.36
skz_004_1865_000_422_429_e493	7652	2	261.37
skz_004_1865_000_42_49_e51	8810	1	113.51
skz_004_1865_000_58_67_e69	10863	2	184.11
skz_004_1865_000_84_95_e98	15019	1	66.58
skz_004_1866_000_109_116_e126	8810	1	113.51
skz_004_1866_000_125_134_e144	9982	1	100.18
skz_004_1866_000_167_174_e471	7590	1	131.75
skz_004_1866_000_183_190_e473	8407	1	118.95
skz_004_1866_000_241_248_e480	7974	1	125.41
skz_004_1866_000_249_256_e481	8204	1	121.89
skz_004_1866_000_289_296_e486	8481	4	471.64
skz_004_1866_000_297_304_e487	6940	3	432.28
skz_004_1866_000_29_36_e37	9098	1	109.91
skz_004_1866_000_363_370_e495	7382	1	135.46
skz_004_1866_000_371_378_e496	7923	9	1135.93
skz_004_1866_000_417_426_e502	2438	2	820.34
skz_004_1866_000_65_72_e77	8668	1	115.37
skz_004_1867_000_107_116_e124	10568	1	94.63
skz_004_1867_000_137_146_e157	10587	1	94.46
skz_004_1867_000_147_156_e168	10372	2	192.83
skz_004_1867_000_157_166_e179	10899	1	91.75
skz_004_1867_000_219_226_e248	8296	1	120.54
skz_004_1867_000_243_254_e275	13279	1	75.31
skz_004_1867_000_255_266_e288	13214	1	75.68
skz_004_1867_000_25_32_e32	8395	1	119.12
skz_004_1867_000_347_354_e390	9523	1	105.01
skz_004_1867_000_365_374_e410	10346	1	96.66
skz_004_1867_000_383_390_e430	8215	3	365.19
skz_004_1867_000_391_400_e439	10460	1	95.6
skz_004_1867_000_401_410_e450	11756	1	85.06
skz_004_1867_000_429_436_e481	8096	1	123.52
skz_004_1868_000_170_179_e499	9445	1	105.88
skz_004_1868_000_308_315_e514	8931	1	111.97
skz_004_1868_000_316_331_e515	17917	1	55.81
skz_004_1868_000_350_357_e518	6256	2	319.69
skz_004_1868_000_384_393_e522	10612	2	188.47
skz_004_1868_000_410_417_e525	8453	1	118.3
skz_004_1868_000_426_433_e527	7799	3	384.66
skz_004_1868_000_454_465_e530	13687	3	219.19
skz_004_1868_000_88_95_e102	6170	1	162.07
skz_004_1869_000_142_149_e504	8525	1	117.3
skz_004_1869_000_254_261_e518	7874	1	127
skz_004_1869_000_270_277_e520	8301	2	240.93
skz_004_1869_000_358_365_e530	9476	1	105.53
skz_004_1869_000_36_45_e494	10068	1	99.32
skz_004_1869_000_46_53_e495	8006	1	124.91
skz_004_1869_000_478_485_e544	8133	2	245.91
skz_004_1869_000_54_69_e496	16825	1	59.44
skz_004_1869_000_6_15_e491	11216	1	89.16
skz_004_1869_000_98_105_e500	8199	1	121.97
skz_004_1870_000_101_112_e115	14289	1	69.98
skz_004_1870_000_163_174_e183	12605	3	238
skz_004_1870_000_524_535_e579	12042	1	83.04
skz_004_1870_000_53_64_e63	13144	3	228.24
skz_004_1870_000_85_100_e98	11089	1	90.18
slz_001_1856_001_110_144_e7	13481	1	74.18
slz_001_1856_001_145_178_e8	13734	1	72.81
slz_001_1856_001_279_311_e12	12699	1	78.75
slz_001_1856_001_345_378_e14	12267	1	81.52
slz_001_1856_001_379_413_e15	12077	2	165.6
slz_001_1856_001_43_75_e5	13653	1	73.24
slz_001_1856_001_5_42_e4	17428	4	229.52
slz_001_1856_001_76_109_e6	14248	1	70.19
slz_001_1857_002_141_196_e8	24110	1	41.48
slz_001_1857_002_325_356_e12	13246	2	150.99
slz_001_1857_002_357_388_e13	14169	1	70.58
slz_001_1858_003_145_208_e7	29451	1	33.95
slz_001_1858_003_241_304_e9	27345	1	36.57
slz_001_1858_003_5_36_e4	6845	3	438.28
slz_001_1858_003_85_144_e6	27693	4	144.44
slz_001_1859_004_133_164_e7	14733	1	67.87
slz_001_1859_004_261_292_e11	15033	1	66.52
slz_001_1859_004_293_388_e12	40772	2	49.05
slz_001_1859_004_69_132_e6	23655	4	169.1
slz_001_1860_005_368_403_e10	14836	1	67.4
slz_001_1861_006_245_278_e10	9550	3	314.14
slz_001_1861_006_279_312_e11	9299	4	430.15
slz_001_1861_006_313_346_e12	9188	3	326.51
slz_002_1862_007_1_4_e3	3706	1	269.83
slz_002_1862_007_67_70_e19	4226	1	236.63
slz_002_1863_008_109_112_e30	5312	1	188.25
slz_002_1863_008_117_120_e32	4430	1	225.73
slz_002_1863_008_137_140_e37	5036	2	397.14
slz_002_1863_008_145_148_e39	5346	1	187.06
slz_002_1863_008_176_179_e46	4468	1	223.81
slz_002_1863_008_17_20_e7	5348	1	186.99
slz_002_1863_008_208_211_e54	3999	1	250.06
slz_002_1863_008_25_28_e9	5370	1	186.22
slz_002_1864_009_105_108_e29	4838	1	206.7
slz_002_1864_009_113_116_e31	5036	1	198.57
slz_002_1864_009_117_120_e32	5076	3	591.02
slz_002_1864_009_133_136_e36	5259	3	570.45
slz_002_1864_009_141_144_e38	5273	2	379.29
slz_002_1864_009_145_148_e39	4795	1	208.55
slz_002_1864_009_157_160_e42	5227	1	191.31
slz_002_1864_009_169_172_e45	5059	1	197.67
slz_002_1864_009_177_180_e47	4861	4	822.88
slz_002_1864_009_17_20_e7	5198	7	1346.67
slz_002_1864_009_181_184_e48	5078	4	787.71
slz_002_1864_009_193_196_e51	5017	1	199.32
slz_002_1864_009_197_200_e52	4845	2	412.8
slz_002_1864_009_209_212_e55	4042	2	494.8
slz_002_1864_009_37_40_e12	4930	1	202.84
slz_002_1864_009_53_56_e16	5535	1	180.67
slz_002_1864_009_5_8_e4	5051	2	395.96
slz_002_1864_009_65_68_e19	5133	1	194.82
slz_002_1864_009_69_72_e20	5259	2	380.3
slz_002_1864_009_81_84_e23	4587	3	654.02
slz_002_1864_009_85_88_e24	5107	1	195.81
slz_002_1864_009_89_92_e25	2331	2	858
slz_002_1864_009_93_96_e26	5381	1	185.84
slz_002_1864_009_97_100_e27	5534	1	180.7
slz_002_1864_009_9_12_e5	4824	1	207.3
slz_002_1865_010_167_174_e24	3624	2	551.88
slz_002_1865_010_175_182_e25	4635	1	215.75
slz_002_1865_010_190_197_e27	3430	2	583.09
slz_002_1865_010_198_205_e28	3790	1	263.85
slz_002_1865_010_206_213_e29	3546	1	282.01
slz_002_1865_010_222_229_e31	3188	1	313.68
slz_002_1865_010_238_245_e33	3667	1	272.7
slz_002_1865_010_278_285_e38	3301	1	302.94
slz_002_1865_010_334_341_e45	3813	3	786.78
slz_002_1865_010_398_405_e53	3756	4	1064.96
slz_002_1865_010_47_54_e9	3941	1	253.74
slz_002_1865_010_95_102_e15	4084	3	734.57
slz_002_1866_011_169_176_e24	5552	1	180.12
slz_002_1866_011_177_184_e25	5737	1	174.31
slz_002_1866_011_17_24_e5	5372	2	372.3
slz_002_1866_011_185_192_e26	5634	3	532.48
slz_002_1866_011_217_224_e30	5745	1	174.06
slz_002_1866_011_241_248_e33	5758	1	173.67
slz_002_1866_011_25_32_e6	5743	2	348.25
slz_002_1866_011_265_272_e36	5738	1	174.28
slz_002_1866_011_273_280_e37	5448	1	183.55
slz_002_1866_011_297_304_e40	5546	2	360.62
slz_002_1866_011_305_312_e41	5455	1	183.32
slz_002_1866_011_313_320_e42	5544	1	180.38
slz_002_1866_011_321_328_e43	5397	1	185.29
slz_002_1866_011_337_344_e45	5403	1	185.08
slz_002_1866_011_33_40_e7	5890	1	169.78
slz_002_1866_011_345_352_e46	5861	1	170.62
slz_002_1866_011_361_368_e48	5677	2	352.3
slz_002_1866_011_385_392_e51	5717	1	174.92
slz_002_1866_011_49_56_e9	5563	1	179.76
slz_002_1866_011_73_80_e12	5932	2	337.15
slz_002_1866_011_81_88_e13	5839	1	171.26
slz_002_1866_011_9_16_e4	5726	1	174.64
slz_002_1867_012_123_130_e18	5900	2	338.98
slz_002_1867_012_131_138_e19	6035	1	165.7
slz_002_1867_012_147_154_e21	5482	3	547.25
slz_002_1867_012_155_162_e22	5763	1	173.52
slz_002_1867_012_163_170_e23	5971	2	334.95
slz_002_1867_012_179_186_e25	5715	2	349.96
slz_002_1867_012_187_194_e26	6004	3	499.67
slz_002_1867_012_211_218_e29	6264	1	159.64
slz_002_1867_012_219_226_e30	5838	1	171.29
slz_002_1867_012_283_290_e38	5799	4	689.77
slz_002_1867_012_299_306_e40	5688	1	175.81
slz_002_1867_012_39_46_e8	5364	2	372.86
slz_002_1867_012_7_14_e4	4761	1	210.04
slz_002_1867_012_81_88_e13	6077	1	164.55
slz_002_1867_012_97_104_e15	5586	4	716.08
slz_002_1868_013_105_112_e16	6171	1	162.05
slz_002_1868_013_145_152_e21	6027	1	165.92
slz_002_1868_013_17_24_e5	5707	2	350.45
slz_002_1868_013_217_224_e30	5624	2	355.62
slz_002_1868_013_241_248_e33	5642	3	531.73
slz_002_1868_013_329_336_e44	6096	1	164.04
slz_002_1868_013_33_40_e7	5954	1	167.95
slz_002_1868_013_353_360_e47	5928	1	168.69
slz_002_1868_013_377_384_e50	5803	1	172.32
slz_002_1868_013_401_408_e53	6046	1	165.4
slz_002_1868_013_49_56_e9	6057	1	165.1
slz_002_1868_013_89_96_e14	5441	2	367.58
slz_002_1869_014_107_116_e16	5957	2	335.74
slz_002_1869_014_125_132_e18	5676	3	528.54
slz_002_1869_014_133_140_e19	6222	1	160.72
slz_002_1869_014_141_148_e20	5931	2	337.21
slz_002_1869_014_19_26_e5	5387	4	742.53
slz_002_1869_014_269_276_e36	6085	1	164.34
slz_002_1869_014_277_284_e37	5568	4	718.39
slz_002_1869_014_325_332_e43	5768	1	173.37
slz_002_1869_014_362_369_e47	4322	4	925.5
slz_002_1869_014_378_385_e49	3181	1	314.37
slz_002_1870_015_115_122_e17	5771	1	173.28
slz_002_1870_015_141_148_e20	5726	4	698.57
slz_002_1870_015_151_158_e21	4841	12	2478.83
slz_002_1870_015_16_23_e5	5036	1	198.57
slz_002_1870_015_193_200_e26	5665	1	176.52
slz_002_1870_015_201_208_e27	5995	1	166.81
slz_002_1870_015_24_31_e6	5094	1	196.31
slz_002_1870_015_281_288_e37	6104	2	327.65
slz_002_1870_015_297_304_e39	5972	1	167.45
slz_002_1870_015_361_368_e47	5827	1	171.61
slz_002_1870_015_379_386_e49	5697	1	175.53
slz_002_1870_015_403_410_e52	6162	1	162.28
slz_002_1870_015_431_438_e55	5730	2	349.04
slz_002_1870_015_73_80_e12	5896	4	678.43
slz_002_1870_015_81_88_e13	5863	3	511.68
slz_002_1870_015_89_96_e14	5879	1	170.1
syn_001_1835_000_54_70_e94	6589	1	151.77
syn_001_1839_000_70_130_e174	19371	1	51.62
syn_001_1847_000_100_154_e248	17005	2	117.61
syn_001_1847_000_40_82_e232	14434	1	69.28
syn_001_1851_000_3_9_e99	1616	1	618.81
syn_001_1852_000_24_126_e176	35166	1	28.44
syn_001_1853_000_21_56_e111	11792	1	84.8
syn_001_1854_000_17_50_e83	15012	1	66.61
syn_001_1854_000_50_69_e87	9145	1	109.35
syn_001_1855_000_44_77_e94	17358	1	57.61
syn_001_1857_000_3_5_e83	1733	1	577.03
syn_001_1858_000_22_60_e105	15318	2	130.57
syn_001_1858_000_4_7_e94	1402	1	713.27
syn_001_1859_000_14_39_e50	10684	1	93.6
syn_001_1859_000_40_87_e135	17796	2	112.38
syn_001_1860_000_16_71_e104	20856	2	95.9
syn_001_1860_000_72_94_e105	9395	1	106.44
syn_001_1861_000_45_80_e114	13197	2	151.55
syn_001_1862_000_18_55_e94	16301	1	61.35
syn_001_1862_000_56_86_e96	9979	2	200.42
syn_001_1863_000_15_73_e128	22211	2	90.05
syn_001_1864_000_116_136_e280	8511	1	117.5
syn_001_1864_000_146_195_e282	16698	2	119.77
syn_001_1864_000_14_53_e275	13578	1	73.65
syn_001_1866_000_103_170_e183	22933	4	174.42
syn_001_1866_000_71_99_e179	11474	1	87.15
syn_001_1867_000_113_175_e190	20782	3	144.36
syn_001_1868_000_53_80_e159	8824	1	113.33
syn_001_1868_000_98_123_e160	9994	1	100.06
syn_001_1869_000_14_21_e155	3365	1	297.18
syn_001_1869_000_50_121_e159	24875	2	80.4
vsb_001_1854_001_130_132_e154	914	1	1094.09
vsb_001_1855_002_121_122_e136	344	1	2906.98
vsb_001_1855_002_45_47_e47	979	1	1021.45
vsb_001_1856_003_272_274_e292	1654	1	604.59
vsb_001_1858_005_198_198_e208	551	1	1814.88
vsb_001_1858_005_199_199_e210	226	1	4424.78
vsb_001_1858_005_244_245_e247	319	1	3134.8
vsb_001_1858_005_355_356_e348	939	1	1064.96
vsb_001_1858_005_669_675_e643	2177	1	459.35
vsb_001_1859_006_332_337_e825	1727	1	579.04
vsb_001_1859_006_350_353_e858	1822	1	548.85
vsb_001_1859_006_368_371_e895	6	1	166666.67
vsb_001_1859_006_383_387_e930	2068	1	483.56
vsb_001_1859_006_396_400_e964	6	1	166666.67
vsb_001_1859_006_671_673_e1589	628	4	6369.43
vsb_001_1859_006_691_692_e1647	616	1	1623.38
vsb_001_1860_007_102_102_e84	145	1	6896.55
vsb_001_1860_007_233_236_e195	1211	1	825.76
vsb_001_1860_007_271_276_e219	2233	1	447.83
vsb_001_1860_007_326_327_e258	181	1	5524.86
vsb_001_1860_007_371_372_e289	652	2	3067.48
vsb_001_1860_007_379_385_e298	2380	1	420.17
vsb_001_1860_007_57_63_e50	2336	1	428.08
vsb_001_1860_007_93_95_e77	738	1	1355.01
